NOAA NESDIS STAR TLS
Year
Temperature Anomaly (C)
Year NOAA_STAR_TLS_4.1
1978.8746 1.0130
1978.9580 1.0880
1979.0416 1.0890
1979.1250 0.8450
1979.2083 0.9340
1979.2915 0.9860
1979.3749 0.9640
1979.4581 0.7960
1979.5415 0.6530
1979.6248 0.6550
1979.7080 0.6530
1979.7914 0.7440
1979.8746 0.8370
1979.9580 0.8940
1980.0416 0.9080
1980.1250 0.9020
1980.2083 0.6010
1980.2915 0.4690
1980.3749 0.5260
1980.4581 0.6560
1980.5415 0.7860
1980.6248 0.7820
1980.7080 0.8220
1980.7914 0.9460
1980.8746 1.0640
1980.9580 0.9210
1981.0416 0.8350
1981.1250 0.7760
1981.2083 0.6290
1981.2915 0.6780
1981.3749 0.5500
1981.4581 0.5270
1981.5415 0.5110
1981.6248 0.5340
1981.7080 0.6110
1981.7914 0.7910
1981.8746 0.8710
1981.9580 0.7520
1982.0416 0.7520
1982.1250 0.8690
1982.2083 0.9170
1982.2915 0.8530
1982.3749 0.9480
1982.4581 1.1070
1982.5415 1.1990
1982.6248 1.3110
1982.7080 1.4830
1982.7914 1.5870
1982.8746 1.7060
1982.9580 1.6510
1983.0416 1.6480
1983.1250 1.5490
1983.2083 1.3610
1983.2915 1.1310
1983.3749 0.9720
1983.4581 0.8720
1983.5415 0.8160
1983.6248 0.9130
1983.7080 0.9980
1983.7914 1.1620
1983.8746 1.1230
1983.9580 0.9870
1984.0416 0.8460
1984.1250 0.6530
1984.2083 0.3250
1984.2915 0.2960
1984.3749 0.3540
1984.4581 0.2820
1984.5415 0.3050
1984.6248 0.3460
1984.7080 0.3680
1984.7914 0.4590
1984.8746 0.6140
1984.9580 0.5870
1985.0416 0.2290
1985.1250 0.0380
1985.2083 -0.0050
1985.2915 -0.0430
1985.3749 0.0880
1985.4581 0.1710
1985.5415 0.2370
1985.6248 0.2910
1985.7080 0.3690
1985.7914 0.3960
1985.8746 0.2850
1985.9580 0.2740
1986.0416 0.2780
1986.1250 0.3900
1986.2083 0.2950
1986.2915 0.1840
1986.3749 0.1480
1986.4581 0.1460
1986.5415 0.1890
1986.6248 0.1260
1986.7080 0.1250
1986.7914 0.3230
1986.8746 0.3220
1986.9580 0.4870
1987.0416 0.3850
1987.1250 0.1660
1987.2083 0.1210
1987.2915 0.2800
1987.3749 0.3120
1987.4581 0.2700
1987.5415 0.3490
1987.6248 0.3490
1987.7080 0.3440
1987.7914 0.3440
1987.8746 0.3620
1987.9580 0.1430
1988.0416 0.2800
1988.1250 0.3860
1988.2083 0.2660
1988.2915 0.1560
1988.3749 0.1520
1988.4581 0.3100
1988.5415 0.3300
1988.6248 0.3570
1988.7080 0.3660
1988.7914 0.4940
1988.8746 0.5350
1988.9580 0.5510
1989.0416 0.6880
1989.1250 0.6330
1989.2083 0.4130
1989.2915 0.3930
1989.3749 0.3980
1989.4581 0.3750
1989.5415 0.3210
1989.6248 0.3630
1989.7080 0.4000
1989.7914 0.5180
1989.8746 0.4120
1989.9580 0.4610
1990.0416 0.4770
1990.1250 0.4160
1990.2083 0.4830
1990.2915 0.4930
1990.3749 0.3690
1990.4581 0.3670
1990.5415 0.3540
1990.6248 0.3920
1990.7080 0.3410
1990.7914 0.4120
1990.8746 0.5020
1990.9580 0.5130
1991.0416 0.3300
1991.1250 0.1730
1991.2083 0.3670
1991.2915 0.3310
1991.3749 0.2620
1991.4581 0.2890
1991.5415 0.7530
1991.6248 1.4410
1991.7080 1.7530
1991.7914 1.8530
1991.8746 1.5830
1991.9580 1.5020
1992.0416 1.3800
1992.1250 1.3510
1992.2083 1.4260
1992.2915 1.2490
1992.3749 1.0890
1992.4581 1.0250
1992.5415 1.1590
1992.6248 1.2240
1992.7080 1.2550
1992.7914 1.2110
1992.8746 1.2170
1992.9580 1.1110
1993.0416 1.0400
1993.1250 0.9470
1993.2083 0.6370
1993.2915 0.3730
1993.3749 0.1870
1993.4581 0.0880
1993.5415 0.0820
1993.6248 0.0980
1993.7080 0.0750
1993.7914 0.1210
1993.8746 -0.0010
1993.9580 -0.0470
1994.0416 -0.0060
1994.1250 0.1390
1994.2083 0.2010
1994.2915 0.1050
1994.3749 0.0260
1994.4581 -0.0030
1994.5415 -0.0110
1994.6248 0.1020
1994.7080 0.0450
1994.7914 0.0020
1994.8746 -0.1530
1994.9580 -0.0500
1995.0416 0.1200
1995.1250 0.1540
1995.2083 0.1280
1995.2915 -0.1030
1995.3749 -0.2070
1995.4581 -0.2430
1995.5415 -0.2400
1995.6248 -0.1450
1995.7080 -0.0980
1995.7914 0.0250
1995.8746 -0.0280
1995.9580 -0.0680
1996.0416 -0.0740
1996.1250 0.0390
1996.2083 -0.0120
1996.2915 -0.1900
1996.3749 -0.2300
1996.4581 -0.3100
1996.5415 -0.3160
1996.6248 -0.2470
1996.7080 -0.2730
1996.7914 -0.0660
1996.8746 -0.0060
1996.9580 -0.0920
1997.0416 -0.0600
1997.1250 0.0900
1997.2083 0.2530
1997.2915 0.0990
1997.3749 -0.1690
1997.4581 -0.2130
1997.5415 -0.0790
1997.6248 0.0630
1997.7080 0.0120
1997.7914 -0.0190
1997.8746 -0.0560
1997.9580 -0.1860
1998.0416 -0.2300
1998.1250 0.0300
1998.2083 0.0760
1998.2915 0.0420
1998.3749 -0.0400
1998.4581 -0.0950
1998.5415 -0.0220
1998.6248 0.0250
1998.7080 0.0640
1998.7914 0.0800
1998.8746 0.1100
1998.9580 -0.0420
1999.0416 -0.1230
1999.1250 -0.0880
1999.2083 -0.2940
1999.2915 -0.2600
1999.3749 -0.0530
1999.4581 0.1210
1999.5415 0.1750
1999.6248 0.2120
1999.7080 0.1670
1999.7914 0.1450
1999.8746 0.1260
1999.9580 0.0590
2000.0416 0.1550
2000.1250 0.2180
2000.2083 0.1530
2000.2915 0.0130
2000.3749 -0.0210
2000.4581 -0.0320
2000.5415 -0.1000
2000.6248 -0.1220
2000.7080 -0.1630
2000.7914 -0.2160
2000.8746 -0.3260
2000.9580 -0.2390
2001.0416 -0.0540
2001.1250 -0.0890
2001.2083 -0.0410
2001.2915 0.0470
2001.3749 0.1590
2001.4581 0.1500
2001.5415 0.1760
2001.6248 0.2000
2001.7080 0.2340
2001.7914 0.1900
2001.8746 0.2310
2001.9580 0.2770
2002.0416 0.1480
2002.1250 0.1770
2002.2083 0.2110
2002.2915 0.2050
2002.3749 0.1720
2002.4581 0.1740
2002.5415 0.2240
2002.6248 0.1750
2002.7080 0.0910
2002.7914 0.1160
2002.8746 0.1170
2002.9580 0.2250
2003.0416 0.2630
2003.1250 0.2540
2003.2083 0.2010
2003.2915 0.1360
2003.3749 0.1010
2003.4581 0.1150
2003.5415 0.0530
2003.6248 0.0520
2003.7080 -0.0130
2003.7914 -0.0250
2003.8746 0.0150
2003.9580 -0.0120
2004.0416 -0.1420
2004.1250 -0.1630
2004.2083 -0.0230
2004.2915 0.0870
2004.3749 0.0500
2004.4581 0.1370
2004.5415 0.1690
2004.6248 0.1230
2004.7080 0.1450
2004.7914 0.0980
2004.8746 0.0910
2004.9580 0.0610
2005.0416 0.1580
2005.1250 0.2530
2005.2083 0.1200
2005.2915 -0.0900
2005.3749 -0.1360
2005.4581 -0.1790
2005.5415 -0.1850
2005.6248 -0.1530
2005.7080 -0.1160
2005.7914 -0.0810
2005.8746 -0.1420
2005.9580 -0.1030
2006.0416 -0.2750
2006.1250 -0.2750
2006.2083 -0.2100
2006.2915 -0.0830
2006.3749 -0.0530
2006.4581 0.0030
2006.5415 0.1450
2006.6248 0.0790
2006.7080 -0.0080
2006.7914 -0.0950
2006.8746 -0.0770
2006.9580 -0.1510
2007.0416 0.0480
2007.1250 0.0420
2007.2083 -0.0480
2007.2915 -0.0950
2007.3749 -0.1370
2007.4581 -0.1620
2007.5415 -0.2300
2007.6248 -0.2320
2007.7080 -0.1930
2007.7914 -0.1330
2007.8746 -0.0200
2007.9580 -0.0150
2008.0416 -0.0550
2008.1250 -0.0970
2008.2083 -0.1880
2008.2915 -0.2670
2008.3749 -0.2590
2008.4581 -0.2120
2008.5415 -0.1750
2008.6248 -0.1650
2008.7080 -0.1480
2008.7914 -0.1480
2008.8746 -0.1680
2008.9580 -0.2100
2009.0416 -0.1710
2009.1250 -0.2780
2009.2083 -0.1700
2009.2915 0.0090
2009.3749 -0.0140
2009.4581 -0.1080
2009.5415 -0.1130
2009.6248 -0.0070
2009.7080 0.0450
2009.7914 0.0960
2009.8746 0.0080
2009.9580 -0.0610
2010.0416 -0.0740
2010.1250 -0.0420
2010.2083 -0.0050
2010.2915 0.0380
2010.3749 0.1370
2010.4581 0.1150
2010.5415 0.0370
2010.6248 0.0500
2010.7080 0.1250
2010.7914 0.1990
2010.8746 0.2710
2010.9580 0.2290
2011.0416 0.1390
2011.1250 0.1690
2011.2083 0.0950
2011.2915 -0.2830
2011.3749 -0.4340
2011.4581 -0.3290
2011.5415 -0.2240
2011.6248 -0.1500
2011.7080 -0.0780
2011.7914 -0.0470
2011.8746 -0.1150
2011.9580 -0.0590
2012.0416 -0.2210
2012.1250 -0.3130
2012.2083 -0.2900
2012.2915 -0.2850
2012.3749 -0.2540
2012.4581 -0.0970
2012.5415 -0.1170
2012.6248 -0.1300
2012.7080 -0.0260
2012.7914 -0.0010
2012.8746 0.0110
2012.9580 -0.1040
2013.0416 -0.0820
2013.1250 -0.0670
2013.2083 0.0380
2013.2915 0.0190
2013.3749 -0.0200
2013.4581 0.0530
2013.5415 0.1200
2013.6248 0.0950
2013.7080 0.0690
2013.7914 0.1370
2013.8746 0.1900
2013.9580 0.1800
2014.0416 0.2160
2014.1250 0.1780
2014.2083 0.2010
2014.2915 0.0770
2014.3749 -0.0550
2014.4581 0.0230
2014.5415 -0.0000
2014.6248 -0.0350
2014.7080 -0.0960
2014.7914 -0.0240
2014.8746 -0.0250
2014.9580 -0.0240
2015.0416 -0.0180
2015.1250 -0.0040
2015.2083 0.0570
2015.2915 -0.1260
2015.3749 -0.0630
2015.4581 0.0530
2015.5415 0.1780
2015.6248 0.1150
2015.7080 0.0530
2015.7914 0.1180
2015.8746 0.0160
2015.9580 -0.0250
2016.0416 0.0050
2016.1250 0.0390
2016.2083 -0.1570
2016.2915 -0.2910
2016.3749 -0.3430
2016.4581 -0.4020
2016.5415 -0.4090
2016.6248 -0.3500
2016.7080 -0.2750
2016.7914 -0.2050
2016.8746 -0.2780
2016.9580 -0.2370
2017.0416 -0.0580
2017.1250 -0.0600
2017.2083 -0.0800
2017.2915 -0.0920
2017.3749 -0.1000
2017.4581 -0.1000
2017.5415 -0.2350
2017.6248 -0.1940
2017.7080 -0.0880
2017.7914 0.0300
2017.8746 0.0770
2017.9580 -0.0060
2018.0416 -0.0550
2018.1250 -0.1550
2018.2083 -0.2840
2018.2915 -0.1840
2018.3749 -0.1140
2018.4581 -0.0790
2018.5415 -0.1530
2018.6248 -0.1470
2018.7080 -0.0740
2018.7914 -0.0210
2018.8746 -0.1000
2018.9580 -0.1690
2019.0416 -0.2290
2019.1250 -0.1700
2019.2083 -0.1240
2019.2915 -0.1660
2019.3749 -0.2240
2019.4581 -0.1790
2019.5415 -0.0870
2019.6248 -0.0190
2019.7080 0.0060
2019.7914 0.0700
2019.8746 0.0390
2019.9580 0.0530
2020.0416 0.3230
2020.1250 0.6210
2020.2083 0.6350
2020.2915 0.2790
2020.3749 -0.0940
2020.4581 -0.3020
2020.5415 -0.3940
2020.6248 -0.3410
2020.7080 -0.3160
2020.7914 -0.2460
2020.8746 -0.0680
2020.9580 -0.0390
2021.0416 -0.2410
2021.1250 -0.1270
2021.2083 -0.0680
2021.2915 -0.0470
2021.3749 -0.0940
2021.4581 -0.0620
2021.5415 -0.1110
2021.6248 -0.0920
2021.7080 -0.0260
2021.7914 0.0710
2021.8746 0.0350
2021.9580 -0.0250
 
