NOAA NESDIS STAR TMT
Year
Temperature Anomaly (C)
Year NOAA_STAR_TMT_4.1
1978.8746 -0.4460
1978.9580 -0.4060
1979.0416 -0.4100
1979.1250 -0.3810
1979.2083 -0.3610
1979.2915 -0.4080
1979.3749 -0.4160
1979.4581 -0.3860
1979.5415 -0.4010
1979.6248 -0.4980
1979.7080 -0.4640
1979.7914 -0.1970
1979.8746 -0.2090
1979.9580 -0.1780
1980.0416 -0.2560
1980.1250 -0.1500
1980.2083 -0.2310
1980.2915 -0.1590
1980.3749 -0.0770
1980.4581 -0.0200
1980.5415 -0.2280
1980.6248 -0.3290
1980.7080 -0.2720
1980.7914 -0.3080
1980.8746 -0.3550
1980.9580 -0.3390
1981.0416 -0.2510
1981.1250 -0.1520
1981.2083 -0.2850
1981.2915 -0.3230
1981.3749 -0.3000
1981.4581 -0.3220
1981.5415 -0.3280
1981.6248 -0.2260
1981.7080 -0.4470
1981.7914 -0.3840
1981.8746 -0.2950
1981.9580 -0.1310
1982.0416 -0.3240
1982.1250 -0.3310
1982.2083 -0.3850
1982.2915 -0.4520
1982.3749 -0.4150
1982.4581 -0.3100
1982.5415 -0.5090
1982.6248 -0.4440
1982.7080 -0.4170
1982.7914 -0.4630
1982.8746 -0.2870
1982.9580 -0.1640
1983.0416 -0.0100
1983.1250 -0.1960
1983.2083 0.1070
1983.2915 -0.0220
1983.3749 -0.0120
1983.4581 -0.2630
1983.5415 -0.1640
1983.6248 -0.1770
1983.7080 -0.2860
1983.7914 -0.3170
1983.8746 -0.2830
1983.9580 -0.4660
1984.0416 -0.6280
1984.1250 -0.5000
1984.2083 -0.4240
1984.2915 -0.5050
1984.3749 -0.3990
1984.4581 -0.3820
1984.5415 -0.5440
1984.6248 -0.5080
1984.7080 -0.8650
1984.7914 -0.4380
1984.8746 -0.4890
1984.9580 -0.4400
1985.0416 -0.4480
1985.1250 -0.5070
1985.2083 -0.4880
1985.2915 -0.4210
1985.3749 -0.4880
1985.4581 -0.4910
1985.5415 -0.7770
1985.6248 -0.5520
1985.7080 -0.6060
1985.7914 -0.6570
1985.8746 -0.5020
1985.9580 -0.4560
1986.0416 -0.3660
1986.1250 -0.5790
1986.2083 -0.5160
1986.2915 -0.4130
1986.3749 -0.3870
1986.4581 -0.4140
1986.5415 -0.5470
1986.6248 -0.5370
1986.7080 -0.5940
1986.7914 -0.5670
1986.8746 -0.3440
1986.9580 -0.2120
1987.0416 -0.0850
1987.1250 -0.0980
1987.2083 -0.3920
1987.2915 -0.1400
1987.3749 -0.2760
1987.4581 0.0220
1987.5415 -0.1710
1987.6248 -0.2900
1987.7080 -0.3280
1987.7914 -0.1290
1987.8746 -0.0970
1987.9580 0.2110
1988.0416 -0.0780
1988.1250 -0.2790
1988.2083 -0.0620
1988.2915 -0.1980
1988.3749 -0.1110
1988.4581 -0.1510
1988.5415 -0.1420
1988.6248 -0.2210
1988.7080 -0.0930
1988.7914 -0.2400
1988.8746 -0.2350
1988.9580 -0.3160
1989.0416 -0.5580
1989.1250 -0.4630
1989.2083 -0.5270
1989.2915 -0.4430
1989.3749 -0.5130
1989.4581 -0.4740
1989.5415 -0.4630
1989.6248 -0.4690
1989.7080 -0.3830
1989.7914 -0.3960
1989.8746 -0.3520
1989.9580 -0.1630
1990.0416 -0.2750
1990.1250 -0.3670
1990.2083 -0.1330
1990.2915 -0.2570
1990.3749 -0.1000
1990.4581 -0.0530
1990.5415 -0.2540
1990.6248 -0.3070
1990.7080 -0.3790
1990.7914 -0.2550
1990.8746 -0.0090
1990.9580 -0.0460
1991.0416 -0.1980
1991.1250 -0.1250
1991.2083 0.0000
1991.2915 -0.2670
1991.3749 -0.0960
1991.4581 0.0870
1991.5415 -0.1070
1991.6248 -0.0320
1991.7080 -0.1830
1991.7914 -0.2470
1991.8746 -0.2780
1991.9580 -0.2420
1992.0416 -0.2350
1992.1250 -0.2650
1992.2083 -0.2070
1992.2915 -0.3470
1992.3749 -0.3020
1992.4581 -0.2280
1992.5415 -0.4520
1992.6248 -0.5430
1992.7080 -0.5140
1992.7914 -0.3190
1992.8746 -0.3250
1992.9580 -0.3820
1993.0416 -0.4600
1993.1250 -0.4430
1993.2083 -0.6060
1993.2915 -0.5540
1993.3749 -0.4010
1993.4581 -0.2590
1993.5415 -0.3150
1993.6248 -0.4500
1993.7080 -0.6620
1993.7914 -0.3840
1993.8746 -0.3530
1993.9580 -0.1160
1994.0416 -0.3300
1994.1250 -0.4030
1994.2083 -0.4210
1994.2915 -0.3840
1994.3749 -0.2890
1994.4581 -0.1140
1994.5415 -0.1910
1994.6248 -0.3050
1994.7080 -0.2830
1994.7914 -0.4950
1994.8746 -0.1830
1994.9580 -0.0620
1995.0416 -0.1120
1995.1250 -0.2500
1995.2083 -0.4110
1995.2915 -0.1370
1995.3749 -0.2050
1995.4581 -0.1040
1995.5415 -0.2650
1995.6248 -0.0780
1995.7080 -0.0940
1995.7914 -0.2000
1995.8746 -0.1860
1995.9580 -0.4190
1996.0416 -0.4290
1996.1250 -0.2800
1996.2083 -0.2000
1996.2915 -0.3220
1996.3749 -0.3450
1996.4581 -0.2920
1996.5415 -0.2660
1996.6248 -0.2280
1996.7080 -0.1450
1996.7914 -0.1760
1996.8746 -0.1700
1996.9580 -0.2310
1997.0416 -0.3040
1997.1250 -0.2610
1997.2083 -0.3090
1997.2915 -0.4960
1997.3749 -0.3210
1997.4581 -0.2350
1997.5415 -0.1210
1997.6248 -0.1270
1997.7080 -0.1860
1997.7914 -0.1140
1997.8746 -0.1180
1997.9580 0.0610
1998.0416 0.2990
1998.1250 0.4710
1998.2083 0.3070
1998.2915 0.5150
1998.3749 0.4270
1998.4581 0.3900
1998.5415 0.2440
1998.6248 0.2290
1998.7080 0.1810
1998.7914 0.1570
1998.8746 -0.1020
1998.9580 0.0570
1999.0416 -0.1360
1999.1250 -0.0750
1999.2083 -0.2720
1999.2915 -0.1640
1999.3749 -0.2120
1999.4581 -0.2970
1999.5415 -0.2270
1999.6248 -0.2730
1999.7080 -0.2150
1999.7914 -0.2730
1999.8746 -0.3070
1999.9580 -0.2300
2000.0416 -0.4610
2000.1250 -0.3100
2000.2083 -0.2360
2000.2915 -0.2010
2000.3749 -0.1200
2000.4581 -0.1260
2000.5415 -0.2930
2000.6248 -0.3560
2000.7080 -0.2550
2000.7914 -0.2130
2000.8746 -0.1810
2000.9580 -0.1430
2001.0416 -0.2480
2001.1250 -0.0860
2001.2083 -0.1580
2001.2915 0.0030
2001.3749 0.0330
2001.4581 -0.0960
2001.5415 -0.0950
2001.6248 0.1010
2001.7080 -0.1560
2001.7914 -0.0150
2001.8746 0.0040
2001.9580 0.0140
2002.0416 0.0500
2002.1250 0.1030
2002.2083 0.0530
2002.2915 0.0780
2002.3749 0.1300
2002.4581 0.1820
2002.5415 0.1260
2002.6248 0.1100
2002.7080 0.0860
2002.7914 -0.0310
2002.8746 0.1110
2002.9580 0.0680
2003.0416 0.1840
2003.1250 0.1050
2003.2083 -0.0010
2003.2915 0.0210
2003.3749 0.1030
2003.4581 -0.0510
2003.5415 -0.0320
2003.6248 -0.0160
2003.7080 -0.0110
2003.7914 0.1160
2003.8746 0.0670
2003.9580 0.2410
2004.0416 0.0750
2004.1250 0.0590
2004.2083 0.2130
2004.2915 0.0670
2004.3749 0.0510
2004.4581 -0.0090
2004.5415 -0.2670
2004.6248 -0.1350
2004.7080 -0.0900
2004.7914 0.0270
2004.8746 -0.0510
2004.9580 -0.0260
2005.0416 0.1450
2005.1250 0.0900
2005.2083 0.0810
2005.2915 0.2320
2005.3749 0.0320
2005.4581 0.1120
2005.5415 0.1300
2005.6248 0.0330
2005.7080 0.1530
2005.7914 0.1430
2005.8746 0.1150
2005.9580 0.0080
2006.0416 0.0500
2006.1250 0.0250
2006.2083 0.0300
2006.2915 -0.0400
2006.3749 -0.1370
2006.4581 0.0370
2006.5415 0.1070
2006.6248 0.0690
2006.7080 0.0110
2006.7914 0.0620
2006.8746 -0.0960
2006.9580 0.0310
2007.0416 0.2390
2007.1250 0.0130
2007.2083 0.0680
2007.2915 -0.0150
2007.3749 0.0230
2007.4581 0.0350
2007.5415 0.0630
2007.6248 0.0940
2007.7080 -0.0180
2007.7914 -0.0240
2007.8746 -0.0540
2007.9580 -0.1380
2008.0416 -0.3110
2008.1250 -0.2530
2008.2083 -0.2970
2008.2915 -0.2620
2008.3749 -0.3400
2008.4581 -0.2030
2008.5415 -0.1700
2008.6248 -0.2470
2008.7080 -0.1470
2008.7914 -0.1820
2008.8746 -0.1040
2008.9580 -0.1000
2009.0416 -0.0560
2009.1250 -0.0480
2009.2083 -0.1140
2009.2915 -0.1160
2009.3749 -0.1410
2009.4581 -0.1840
2009.5415 0.1300
2009.6248 0.0210
2009.7080 0.1540
2009.7914 0.0400
2009.8746 0.1650
2009.9580 0.0540
2010.0416 0.3330
2010.1250 0.3020
2010.2083 0.3610
2010.2915 0.2330
2010.3749 0.3660
2010.4581 0.3030
2010.5415 0.3020
2010.6248 0.3260
2010.7080 0.2740
2010.7914 0.0770
2010.8746 0.0240
2010.9580 -0.0090
2011.0416 -0.1880
2011.1250 -0.2010
2011.2083 -0.3270
2011.2915 -0.1810
2011.3749 -0.0860
2011.4581 0.1010
2011.5415 0.1230
2011.6248 0.0820
2011.7080 0.0280
2011.7914 -0.2210
2011.8746 -0.1860
2011.9580 -0.1140
2012.0416 -0.3520
2012.1250 -0.3840
2012.2083 -0.1780
2012.2915 -0.0160
2012.3749 -0.0480
2012.4581 0.0980
2012.5415 -0.0430
2012.6248 0.0220
2012.7080 0.0790
2012.7914 0.0890
2012.8746 0.0360
2012.9580 0.0730
2013.0416 0.3410
2013.1250 0.0160
2013.2083 -0.0110
2013.2915 -0.0310
2013.3749 -0.0290
2013.4581 0.1920
2013.5415 0.0070
2013.6248 0.0030
2013.7080 0.0950
2013.7914 0.0570
2013.8746 -0.0440
2013.9580 0.0620
2014.0416 0.0750
2014.1250 -0.0370
2014.2083 -0.0350
2014.2915 -0.0100
2014.3749 0.1180
2014.4581 0.2180
2014.5415 0.1480
2014.6248 -0.0120
2014.7080 0.0060
2014.7914 0.0650
2014.8746 0.0800
2014.9580 0.1220
2015.0416 0.1200
2015.1250 -0.0070
2015.2083 0.0010
2015.2915 -0.0460
2015.3749 0.1780
2015.4581 0.3030
2015.5415 0.1300
2015.6248 0.1780
2015.7080 0.1400
2015.7914 0.3010
2015.8746 0.1840
2015.9580 0.3250
2016.0416 0.3720
2016.1250 0.6660
2016.2083 0.5790
2016.2915 0.5290
2016.3749 0.3740
2016.4581 0.2500
2016.5415 0.2550
2016.6248 0.3220
2016.7080 0.3190
2016.7914 0.2890
2016.8746 0.3280
2016.9580 0.2000
2017.0416 0.1960
2017.1250 0.2390
2017.2083 0.0790
2017.2915 0.1250
2017.3749 0.2900
2017.4581 0.1360
2017.5415 0.1670
2017.6248 0.2800
2017.7080 0.3750
2017.7914 0.4340
2017.8746 0.2130
2017.9580 0.3070
2018.0416 0.0740
2018.1250 0.0440
2018.2083 0.0790
2018.2915 0.0570
2018.3749 0.0670
2018.4581 0.1640
2018.5415 0.2300
2018.6248 0.0940
2018.7080 -0.0020
2018.7914 0.0240
2018.8746 0.1260
2018.9580 0.1620
2019.0416 0.2510
2019.1250 0.2020
2019.2083 0.1590
2019.2915 0.3110
2019.3749 0.2370
2019.4581 0.4180
2019.5415 0.3030
2019.6248 0.3370
2019.7080 0.4710
2019.7914 0.2160
2019.8746 0.3410
2019.9580 0.4450
2020.0416 0.4590
2020.1250 0.5810
2020.2083 0.3360
2020.2915 0.2940
2020.3749 0.4680
2020.4581 0.3830
2020.5415 0.3400
2020.6248 0.3450
2020.7080 0.3660
2020.7914 0.2800
2020.8746 0.3190
2020.9580 0.1580
2021.0416 0.0910
2021.1250 0.1760
2021.2083 -0.0450
2021.2915 -0.0270
2021.3749 0.1470
2021.4581 0.0990
2021.5415 0.2530
2021.6248 0.2230
2021.7080 0.2680
2021.7914 0.3160
2021.8746 0.0360
2021.9580 0.2190
 
