RSS MSU-TMT v4.0
Year
Temperature Anomaly (C)
Year RSSv4_MSU-TMT
1979.04 -0.1351
1979.12 -0.1051
1979.21 -0.0918
1979.29 -0.1240
1979.38 -0.1771
1979.46 -0.1977
1979.54 -0.1054
1979.62 -0.1910
1979.71 -0.1134
1979.79 0.1197
1979.88 0.0543
1979.96 0.0310
1980.04 0.0551
1980.12 0.1664
1980.21 0.0744
1980.29 0.1523
1980.38 0.2170
1980.46 0.2154
1980.54 0.1019
1980.62 0.0096
1980.71 0.0804
1980.79 0.0142
1980.88 0.0036
1980.96 -0.1377
1981.04 0.0270
1981.12 0.1370
1981.21 0.0003
1981.29 -0.0300
1981.38 -0.0425
1981.46 -0.1186
1981.54 -0.0331
1981.62 0.0091
1981.71 -0.0987
1981.79 -0.0720
1981.88 -0.0307
1981.96 0.0869
1982.04 -0.0392
1982.12 -0.0288
1982.21 -0.0905
1982.29 -0.1559
1982.38 -0.1536
1982.46 -0.1036
1982.54 -0.1966
1982.62 -0.1279
1982.71 -0.0544
1982.79 -0.1361
1982.88 -0.0129
1982.96 0.0511
1983.04 0.2829
1983.12 0.1025
1983.21 0.3944
1983.29 0.2765
1983.38 0.2479
1983.46 -0.0524
1983.54 0.1335
1983.62 0.1356
1983.71 0.0775
1983.79 0.0189
1983.88 -0.0083
1983.96 -0.2356
1984.04 -0.3372
1984.12 -0.2019
1984.21 -0.1167
1984.29 -0.1968
1984.38 -0.1469
1984.46 -0.1623
1984.54 -0.2317
1984.62 -0.1868
1984.71 -0.5048
1984.79 -0.0998
1984.88 -0.1931
1984.96 -0.1947
1985.04 -0.1547
1985.12 -0.2706
1985.21 -0.2118
1985.29 -0.1236
1985.38 -0.2137
1985.46 -0.2834
1985.54 -0.4626
1985.62 -0.2327
1985.71 -0.2673
1985.79 -0.3619
1985.88 -0.2664
1985.96 -0.2549
1986.04 -0.1019
1986.12 -0.2918
1986.21 -0.2574
1986.29 -0.1304
1986.38 -0.1424
1986.46 -0.2144
1986.54 -0.2466
1986.62 -0.2299
1986.71 -0.2332
1986.79 -0.2592
1986.88 -0.1045
1986.96 -0.0120
1987.04 0.1757
1987.12 0.1662
1987.21 -0.1195
1987.29 0.1393
1987.38 -0.0229
1987.46 0.2176
1987.54 0.1245
1987.62 0.0050
1987.71 0.0114
1987.79 0.1654
1987.88 0.1424
1987.96 0.3931
1988.04 0.1720
1988.12 -0.0070
1988.21 0.1975
1988.29 0.0732
1988.38 0.1237
1988.46 0.0364
1988.54 0.1440
1988.62 0.0786
1988.71 0.2420
1988.79 0.0480
1988.88 0.0311
1988.96 -0.1294
1989.04 -0.2957
1989.12 -0.1933
1989.21 -0.2608
1989.29 -0.1683
1989.38 -0.2714
1989.46 -0.2810
1989.54 -0.1800
1989.62 -0.1787
1989.71 -0.0539
1989.79 -0.1142
1989.88 -0.1163
1989.96 0.0219
1990.04 -0.0195
1990.12 -0.0928
1990.21 0.1211
1990.29 0.0144
1990.38 0.1330
1990.46 0.1310
1990.54 0.0329
1990.62 -0.0183
1990.71 -0.0412
1990.79 0.0276
1990.88 0.2094
1990.96 0.1279
1991.04 0.0523
1991.12 0.1335
1991.21 0.2533
1991.29 -0.0023
1991.38 0.1383
1991.46 0.2784
1991.54 0.1996
1991.62 0.2915
1991.71 0.1753
1991.79 0.0628
1991.88 -0.0140
1991.96 -0.0311
1992.04 0.0400
1992.12 0.0197
1992.21 0.0644
1992.29 -0.0508
1992.38 -0.0470
1992.46 -0.0208
1992.54 -0.1345
1992.62 -0.2224
1992.71 -0.1398
1992.79 0.0023
1992.88 -0.0615
1992.96 -0.1649
1993.04 -0.1771
1993.12 -0.1541
1993.21 -0.3215
1993.29 -0.2634
1993.38 -0.1515
1993.46 -0.0637
1993.54 -0.0247
1993.62 -0.1363
1993.71 -0.2703
1993.79 -0.0729
1993.88 -0.0933
1993.96 0.0862
1994.04 -0.0534
1994.12 -0.1189
1994.21 -0.1453
1994.29 -0.0931
1994.38 -0.0381
1994.46 0.0841
1994.54 0.1083
1994.62 0.0041
1994.71 0.0773
1994.79 -0.1800
1994.88 0.0754
1994.96 0.1447
1995.04 0.1559
1995.12 0.0252
1995.21 -0.0664
1995.29 0.1394
1995.38 0.0430
1995.46 0.0756
1995.54 0.0209
1995.62 0.2090
1995.71 0.2384
1995.79 0.0935
1995.88 0.0457
1995.96 -0.2326
1996.04 -0.1681
1996.12 -0.0209
1996.21 0.0590
1996.29 -0.0243
1996.38 -0.0963
1996.46 -0.0907
1996.54 0.0352
1996.62 0.0799
1996.71 0.1992
1996.79 0.1151
1996.88 0.0766
1996.96 -0.0343
1997.04 -0.0276
1997.12 0.0173
1997.21 -0.0374
1997.29 -0.2002
1997.38 -0.0653
1997.46 -0.0326
1997.54 0.1709
1997.62 0.1741
1997.71 0.1527
1997.79 0.1668
1997.88 0.1193
1997.96 0.2413
1998.04 0.5488
1998.12 0.7174
1998.21 0.5548
1998.29 0.7678
1998.38 0.6657
1998.46 0.5826
1998.54 0.5433
1998.62 0.5276
1998.71 0.5228
1998.79 0.4618
1998.88 0.1431
1998.96 0.2432
1999.04 0.1313
1999.12 0.2090
1999.21 0.0090
1999.29 0.1099
1999.38 0.0246
1999.46 -0.1006
1999.54 0.0611
1999.62 0.0143
1999.71 0.1274
1999.79 0.0366
1999.88 -0.0610
1999.96 -0.0352
2000.04 -0.1902
2000.12 -0.0233
2000.21 0.0412
2000.29 0.0658
2000.38 0.1094
2000.46 0.0683
2000.54 0.0014
2000.62 -0.0741
2000.71 0.0868
2000.79 0.1049
2000.88 0.0762
2000.96 0.0575
2001.04 0.0141
2001.12 0.2205
2001.21 0.1176
2001.29 0.2553
2001.38 0.2640
2001.46 0.0970
2001.54 0.1873
2001.62 0.3621
2001.71 0.1864
2001.79 0.3184
2001.88 0.2811
2001.96 0.2220
2002.04 0.3362
2002.12 0.4139
2002.21 0.3383
2002.29 0.3389
2002.38 0.3580
2002.46 0.3715
2002.54 0.4133
2002.62 0.3818
2002.71 0.4215
2002.79 0.2803
2002.88 0.3476
2002.96 0.2616
2003.04 0.4548
2003.12 0.4059
2003.21 0.2832
2003.29 0.2722
2003.38 0.3204
2003.46 0.1257
2003.54 0.2315
2003.62 0.2257
2003.71 0.2949
2003.79 0.4043
2003.88 0.2964
2003.96 0.4017
2004.04 0.3210
2004.12 0.3301
2004.21 0.4537
2004.29 0.2906
2004.38 0.2407
2004.46 0.1313
2004.54 -0.0292
2004.62 0.0904
2004.71 0.1896
2004.79 0.2752
2004.88 0.1350
2004.96 0.1025
2005.04 0.3516
2005.12 0.3221
2005.21 0.2985
2005.29 0.4276
2005.38 0.2066
2005.46 0.2332
2005.54 0.3426
2005.62 0.2327
2005.71 0.4099
2005.79 0.3714
2005.88 0.2707
2005.96 0.1329
2006.04 0.2266
2006.12 0.2623
2006.21 0.2524
2006.29 0.1553
2006.38 0.0237
2006.46 0.1536
2006.54 0.3152
2006.62 0.2715
2006.71 0.2619
2006.79 0.2997
2006.88 0.0800
2006.96 0.1625
2007.04 0.4692
2007.12 0.2692
2007.21 0.3105
2007.29 0.2026
2007.38 0.2061
2007.46 0.1603
2007.54 0.2888
2007.62 0.3056
2007.71 0.2664
2007.79 0.2272
2007.88 0.1223
2007.96 0.0027
2008.04 -0.0912
2008.12 0.0258
2008.21 -0.0569
2008.29 -0.0484
2008.38 -0.1658
2008.46 -0.0693
2008.54 0.0428
2008.62 -0.0396
2008.71 0.1228
2008.79 0.0696
2008.88 0.0651
2008.96 0.0263
2009.04 0.1653
2009.12 0.2214
2009.21 0.1348
2009.29 0.0997
2009.38 0.0276
2009.46 -0.0708
2009.54 0.3462
2009.62 0.2253
2009.71 0.4313
2009.79 0.3164
2009.88 0.3489
2009.96 0.1883
2010.04 0.5600
2010.12 0.5775
2010.21 0.6185
2010.29 0.4429
2010.38 0.5340
2010.46 0.4189
2010.54 0.5124
2010.62 0.5248
2010.71 0.5441
2010.79 0.3302
2010.88 0.2069
2010.96 0.1206
2011.04 0.0413
2011.12 0.0620
2011.21 -0.0847
2011.29 0.0315
2011.38 0.0783
2011.46 0.2157
2011.54 0.3281
2011.62 0.2857
2011.71 0.2930
2011.79 0.0299
2011.88 -0.0019
2011.96 0.0208
2012.04 -0.0966
2012.12 -0.0997
2012.21 0.0845
2012.29 0.2024
2012.38 0.1285
2012.46 0.2344
2012.54 0.1873
2012.62 0.2456
2012.71 0.3831
2012.79 0.3728
2012.88 0.2518
2012.96 0.2254
2013.04 0.5806
2013.12 0.3073
2013.21 0.2609
2013.29 0.2175
2013.38 0.1710
2013.46 0.3525
2013.54 0.2611
2013.62 0.2462
2013.71 0.4169
2013.79 0.3696
2013.88 0.1896
2013.96 0.2257
2014.04 0.3257
2014.12 0.2646
2014.21 0.2514
2014.29 0.2461
2014.38 0.3239
2014.46 0.3683
2014.54 0.3953
2014.62 0.2342
2014.71 0.3271
2014.79 0.3914
2014.88 0.3237
2014.96 0.3020
2015.04 0.3994
2015.12 0.3125
2015.21 0.3143
2015.29 0.2178
2015.38 0.3881
2015.46 0.4656
2015.54 0.3894
2015.62 0.4354
2015.71 0.4557
2015.79 0.5894
2015.88 0.4137
2015.96 0.4969
2016.04 0.6476
2016.12 0.9688
2016.21 0.8645
2016.29 0.7848
2016.38 0.5722
2016.46 0.3953
2016.54 0.4957
2016.62 0.5714
2016.71 0.6376
2016.79 0.5949
2016.88 0.5602
2016.96 0.3829
2017.04 0.4661
2017.12 0.5362
2017.21 0.3645
2017.29 0.3711
2017.38 0.4897
2017.46 0.2895
2017.54 0.4005
2017.62 0.5057
2017.71 0.6822
2017.79 0.7336
2017.88 0.4300
2017.96 0.4761
2018.04 0.3272
2018.12 0.3387
2018.21 0.3434
2018.29 0.2938
2018.38 0.2555
2018.46 0.3049
2018.54 0.4514
2018.62 0.3110
2018.71 0.2861
2018.79 0.3027
2018.88 0.3389
2018.96 0.3205
2019.04 0.4888
2019.12 0.4854
2019.21 0.4252
2019.29 0.5349
2019.38 0.4125
2019.46 0.5514
2019.54 0.5198
2019.62 0.5557
2019.71 0.7697
2019.79 0.4930
2019.88 0.5511
2019.96 0.5877
2020.04 0.6990
2020.12 0.8598
2020.21 0.5831
2020.29 0.5070
2020.38 0.6355
2020.46 0.4989
2020.54 0.5493
2020.62 0.5428
2020.71 0.6447
2020.79 0.5516
2020.88 0.5086
2020.96 0.2945
2021.04 0.3181
2021.12 0.4494
2021.21 0.1906
2021.29 0.1762
2021.38 0.3070
2021.46 0.2068
2021.54 0.4366
2021.62 0.4023
2021.71 0.5161
2021.79 0.5643
2021.88 0.2072
2021.96 0.3322
2022.04 0.2672
2022.12 0.2861
