RSS MSU-TLS v4.0
Year
Temperature Anomaly (C)
Year RSSv4_MSU-TLS
1979.04 0.4617
1979.12 0.2767
1979.21 0.3848
1979.29 0.5112
1979.38 0.5385
1979.46 0.3861
1979.54 0.2086
1979.62 0.1414
1979.71 0.1026
1979.79 0.1129
1979.88 0.2164
1979.96 0.3255
1980.04 0.2837
1980.12 0.2748
1980.21 0.0547
1980.29 0.0044
1980.38 0.1292
1980.46 0.2555
1980.54 0.3449
1980.62 0.2654
1980.71 0.2918
1980.79 0.3450
1980.88 0.3982
1980.96 0.3739
1981.04 0.2996
1981.12 0.2504
1981.21 0.1556
1981.29 0.2897
1981.38 0.2193
1981.46 0.2066
1981.54 0.1442
1981.62 0.0586
1981.71 0.1325
1981.79 0.2289
1981.88 0.3108
1981.96 0.2361
1982.04 0.2099
1982.12 0.3511
1982.21 0.4535
1982.29 0.4651
1982.38 0.6156
1982.46 0.7899
1982.54 0.8349
1982.62 0.8690
1982.71 0.9983
1982.79 1.0096
1982.88 1.1359
1982.96 1.1296
1983.04 1.1084
1983.12 1.0265
1983.21 0.8908
1983.29 0.7383
1983.38 0.6306
1983.46 0.5349
1983.54 0.4322
1983.62 0.4464
1983.71 0.4854
1983.79 0.5594
1983.88 0.5204
1983.96 0.4350
1984.04 0.2699
1984.12 0.1092
1984.21 -0.1818
1984.29 -0.1204
1984.38 -0.0060
1984.46 -0.0581
1984.54 -0.0873
1984.62 -0.1473
1984.71 -0.1768
1984.79 -0.2144
1984.88 -0.0675
1984.96 -0.0308
1985.04 -0.3438
1985.12 -0.4555
1985.21 -0.4251
1985.29 -0.3845
1985.38 -0.2376
1985.46 -0.1195
1985.54 -0.0882
1985.62 -0.1166
1985.71 -0.0515
1985.79 -0.1253
1985.88 -0.2102
1985.96 -0.2028
1986.04 -0.2159
1986.12 -0.0814
1986.21 -0.1151
1986.29 -0.1597
1986.38 -0.1449
1986.46 -0.1346
1986.54 -0.1447
1986.62 -0.2880
1986.71 -0.3225
1986.79 -0.2152
1986.88 -0.2241
1986.96 -0.0377
1987.04 -0.1603
1987.12 -0.3661
1987.21 -0.3473
1987.29 -0.1384
1987.38 -0.0563
1987.46 -0.0923
1987.54 -0.0607
1987.62 -0.1421
1987.71 -0.1930
1987.79 -0.2720
1987.88 -0.2541
1987.96 -0.4280
1988.04 -0.3059
1988.12 -0.1862
1988.21 -0.2592
1988.29 -0.2873
1988.38 -0.2365
1988.46 -0.0552
1988.54 -0.0869
1988.62 -0.1349
1988.71 -0.1753
1988.79 -0.1215
1988.88 -0.0575
1988.96 0.0144
1989.04 0.1333
1989.12 0.0909
1989.21 -0.0830
1989.29 -0.0161
1989.38 0.0448
1989.46 0.0432
1989.54 -0.0627
1989.62 -0.1127
1989.71 -0.1259
1989.79 -0.0927
1989.88 -0.1857
1989.96 -0.0706
1990.04 -0.0748
1990.12 -0.1339
1990.21 -0.0048
1990.29 0.0793
1990.38 0.0218
1990.46 0.0386
1990.54 -0.0243
1990.62 -0.0783
1990.71 -0.1899
1990.79 -0.1904
1990.88 -0.0748
1990.96 -0.0130
1991.04 -0.2295
1991.12 -0.3785
1991.21 -0.1209
1991.29 -0.0724
1991.38 -0.0882
1991.46 -0.0071
1991.54 0.4105
1991.62 1.0208
1991.71 1.2954
1991.79 1.3308
1991.88 1.0744
1991.96 1.0227
1992.04 0.8578
1992.12 0.8375
1992.21 0.9673
1992.29 0.8675
1992.38 0.7533
1992.46 0.7037
1992.54 0.7876
1992.62 0.7756
1992.71 0.7870
1992.79 0.6733
1992.88 0.6924
1992.96 0.6345
1993.04 0.5257
1993.12 0.4503
1993.21 0.1980
1993.29 0.0187
1993.38 -0.1216
1993.46 -0.2123
1993.54 -0.2691
1993.62 -0.3279
1993.71 -0.3592
1993.79 -0.4047
1993.88 -0.5121
1993.96 -0.5010
1994.04 -0.4954
1994.12 -0.3421
1994.21 -0.2211
1994.29 -0.2268
1994.38 -0.2725
1994.46 -0.2939
1994.54 -0.3479
1994.62 -0.2994
1994.71 -0.3836
1994.79 -0.4807
1994.88 -0.6368
1994.96 -0.5112
1995.04 -0.3781
1995.12 -0.3445
1995.21 -0.2890
1995.29 -0.4336
1995.38 -0.4904
1995.46 -0.5243
1995.54 -0.5838
1995.62 -0.5528
1995.71 -0.5504
1995.79 -0.5049
1995.88 -0.5331
1995.96 -0.5530
1996.04 -0.5993
1996.12 -0.4764
1996.21 -0.4701
1996.29 -0.5496
1996.38 -0.5312
1996.46 -0.6024
1996.54 -0.6455
1996.62 -0.6544
1996.71 -0.7265
1996.79 -0.6062
1996.88 -0.5384
1996.96 -0.5798
1997.04 -0.5843
1997.12 -0.4170
1997.21 -0.2003
1997.29 -0.2561
1997.38 -0.4559
1997.46 -0.4920
1997.54 -0.4265
1997.62 -0.3620
1997.71 -0.4574
1997.79 -0.5797
1997.88 -0.6096
1997.96 -0.6923
1998.04 -0.7627
1998.12 -0.4857
1998.21 -0.3870
1998.29 -0.3292
1998.38 -0.3122
1998.46 -0.3669
1998.54 -0.3354
1998.62 -0.3607
1998.71 -0.3810
1998.79 -0.4522
1998.88 -0.4445
1998.96 -0.5517
1999.04 -0.6677
1999.12 -0.6165
1999.21 -0.7672
1999.29 -0.6369
1999.38 -0.3694
1999.46 -0.2006
1999.54 -0.1858
1999.62 -0.2083
1999.71 -0.3107
1999.79 -0.4199
1999.88 -0.4375
1999.96 -0.4451
2000.04 -0.3830
2000.12 -0.2963
2000.21 -0.3011
2000.29 -0.3471
2000.38 -0.3327
2000.46 -0.3483
2000.54 -0.4674
2000.62 -0.5473
2000.71 -0.6539
2000.79 -0.7873
2000.88 -0.9020
2000.96 -0.7725
2001.04 -0.6261
2001.12 -0.6626
2001.21 -0.5298
2001.29 -0.3423
2001.38 -0.1725
2001.46 -0.1908
2001.54 -0.2189
2001.62 -0.2528
2001.71 -0.2420
2001.79 -0.3494
2001.88 -0.3008
2001.96 -0.1993
2002.04 -0.3814
2002.12 -0.3370
2002.21 -0.2401
2002.29 -0.1633
2002.38 -0.1666
2002.46 -0.1664
2002.54 -0.1861
2002.62 -0.2265
2002.71 -0.3752
2002.79 -0.4313
2002.88 -0.4232
2002.96 -0.2578
2003.04 -0.2642
2003.12 -0.2671
2003.21 -0.2481
2003.29 -0.2172
2003.38 -0.2064
2003.46 -0.1983
2003.54 -0.3107
2003.62 -0.3607
2003.71 -0.4981
2003.79 -0.5950
2003.88 -0.5561
2003.96 -0.5000
2004.04 -0.6651
2004.12 -0.6847
2004.21 -0.4860
2004.29 -0.2617
2004.38 -0.2535
2004.46 -0.1864
2004.54 -0.1892
2004.62 -0.2746
2004.71 -0.3329
2004.79 -0.4759
2004.88 -0.4680
2004.96 -0.4225
2005.04 -0.3824
2005.12 -0.2694
2005.21 -0.3570
2005.29 -0.4480
2005.38 -0.4484
2005.46 -0.5039
2005.54 -0.5351
2005.62 -0.5447
2005.71 -0.5933
2005.79 -0.6536
2005.88 -0.7186
2005.96 -0.5820
2006.04 -0.7834
2006.12 -0.7898
2006.21 -0.6649
2006.29 -0.4254
2006.38 -0.3392
2006.46 -0.2920
2006.54 -0.1879
2006.62 -0.2972
2006.71 -0.4788
2006.79 -0.6210
2006.88 -0.5789
2006.96 -0.5758
2007.04 -0.4220
2007.12 -0.4187
2007.21 -0.4552
2007.29 -0.3837
2007.38 -0.3926
2007.46 -0.4405
2007.54 -0.5524
2007.62 -0.5829
2007.71 -0.6277
2007.79 -0.6792
2007.88 -0.5344
2007.96 -0.4397
2008.04 -0.5226
2008.12 -0.5643
2008.21 -0.5874
2008.29 -0.5522
2008.38 -0.5071
2008.46 -0.4849
2008.54 -0.4853
2008.62 -0.4978
2008.71 -0.5813
2008.79 -0.6622
2008.88 -0.6762
2008.96 -0.6498
2009.04 -0.6475
2009.12 -0.7605
2009.21 -0.5830
2009.29 -0.2902
2009.38 -0.2581
2009.46 -0.3781
2009.54 -0.4357
2009.62 -0.3560
2009.71 -0.3963
2009.79 -0.4566
2009.88 -0.5336
2009.96 -0.5185
2010.04 -0.5711
2010.12 -0.5581
2010.21 -0.4449
2010.29 -0.2827
2010.38 -0.1441
2010.46 -0.1838
2010.54 -0.3004
2010.62 -0.3182
2010.71 -0.3355
2010.79 -0.3605
2010.88 -0.2711
2010.96 -0.2230
2011.04 -0.3564
2011.12 -0.3066
2011.21 -0.3115
2011.29 -0.5996
2011.38 -0.7199
2011.46 -0.6518
2011.54 -0.5688
2011.62 -0.5236
2011.71 -0.5334
2011.79 -0.5905
2011.88 -0.6463
2011.96 -0.5096
2012.04 -0.7033
2012.12 -0.8098
2012.21 -0.7209
2012.29 -0.6051
2012.38 -0.5298
2012.46 -0.3879
2012.54 -0.4358
2012.62 -0.4834
2012.71 -0.4895
2012.79 -0.5756
2012.88 -0.5583
2012.96 -0.5844
2013.04 -0.6160
2013.12 -0.5906
2013.21 -0.4070
2013.29 -0.3128
2013.38 -0.3137
2013.46 -0.2606
2013.54 -0.2174
2013.62 -0.2696
2013.71 -0.3952
2013.79 -0.4320
2013.88 -0.3540
2013.96 -0.2788
2014.04 -0.2844
2014.12 -0.3126
2014.21 -0.2206
2014.29 -0.2425
2014.38 -0.3315
2014.46 -0.2837
2014.54 -0.3488
2014.62 -0.3955
2014.71 -0.5322
2014.79 -0.5622
2014.88 -0.5576
2014.96 -0.4794
2015.04 -0.5154
2015.12 -0.4748
2015.21 -0.3470
2015.29 -0.4343
2015.38 -0.3327
2015.46 -0.2578
2015.54 -0.1664
2015.62 -0.2472
2015.71 -0.3833
2015.79 -0.3975
2015.88 -0.4881
2015.96 -0.4659
2016.04 -0.4826
2016.12 -0.4264
2016.21 -0.5730
2016.29 -0.6129
2016.38 -0.6110
2016.46 -0.7033
2016.54 -0.7456
2016.62 -0.7199
2016.71 -0.7236
2016.79 -0.7476
2016.88 -0.8292
2016.96 -0.7075
2017.04 -0.5426
2017.12 -0.5258
2017.21 -0.4739
2017.29 -0.3937
2017.38 -0.3571
2017.46 -0.3831
2017.54 -0.5488
2017.62 -0.5602
2017.71 -0.5715
2017.79 -0.5206
2017.88 -0.4709
2017.96 -0.4833
2018.04 -0.5481
2018.12 -0.6499
2018.21 -0.7207
2018.29 -0.5018
2018.38 -0.3672
2018.46 -0.3749
2018.54 -0.4906
2018.62 -0.5109
2018.71 -0.5317
2018.79 -0.5706
2018.88 -0.6586
2018.96 -0.6542
2019.04 -0.7796
2019.12 -0.6930
2019.21 -0.5659
2019.29 -0.5114
2019.38 -0.5297
2019.46 -0.5115
2019.54 -0.4536
2019.62 -0.4125
2019.71 -0.4839
2019.79 -0.5187
2019.88 -0.5418
2019.96 -0.4341
2020.04 -0.2187
2020.12 0.0774
2020.21 0.1777
2020.29 -0.0570
2020.38 -0.4170
2020.46 -0.6475
2020.54 -0.7817
2020.62 -0.7687
2020.71 -0.8298
2020.79 -0.8640
2020.88 -0.6546
2020.96 -0.5323
2021.04 -0.8019
2021.12 -0.6859
2021.21 -0.5352
2021.29 -0.3864
2021.38 -0.4164
2021.46 -0.4029
2021.54 -0.4911
2021.62 -0.5018
2021.71 -0.5071
2021.79 -0.5087
2021.88 -0.5292
2021.96 -0.5325
2022.04 -0.5596
2022.12 -0.3925
