UAH v6.0 MSU-TMT
Year
Temperature Anomaly (C)
Year UAH_v6.0_MSU-TMT
1978.96 -0.301
1979.04 -0.294
1979.12 -0.276
1979.21 -0.218
1979.29 -0.226
1979.38 -0.255
1979.46 -0.266
1979.54 -0.223
1979.62 -0.304
1979.71 -0.299
1979.79 -0.069
1979.88 -0.070
1979.96 -0.061
1980.04 -0.114
1980.12 -0.003
1980.21 -0.053
1980.29 0.019
1980.38 0.082
1980.46 0.098
1980.54 -0.050
1980.62 -0.111
1980.71 -0.113
1980.79 -0.176
1980.88 -0.121
1980.96 -0.208
1981.04 -0.118
1981.12 -0.034
1981.21 -0.122
1981.29 -0.151
1981.38 -0.161
1981.46 -0.216
1981.54 -0.173
1981.62 -0.149
1981.71 -0.286
1981.79 -0.259
1981.88 -0.158
1981.96 -0.023
1982.04 -0.201
1982.12 -0.211
1982.21 -0.228
1982.29 -0.274
1982.38 -0.263
1982.46 -0.197
1982.54 -0.339
1982.62 -0.262
1982.71 -0.259
1982.79 -0.328
1982.88 -0.149
1982.96 -0.059
1983.04 0.101
1983.12 -0.088
1983.21 0.241
1983.29 0.149
1983.38 0.123
1983.46 -0.157
1983.54 -0.016
1983.62 -0.005
1983.71 -0.124
1983.79 -0.175
1983.88 -0.136
1983.96 -0.333
1984.04 -0.480
1984.12 -0.378
1984.21 -0.247
1984.29 -0.316
1984.38 -0.234
1984.46 -0.255
1984.54 -0.362
1984.62 -0.314
1984.71 -0.701
1984.79 -0.300
1984.88 -0.338
1984.96 -0.318
1985.04 -0.334
1985.12 -0.426
1985.21 -0.365
1985.29 -0.267
1985.38 -0.348
1985.46 -0.385
1985.54 -0.604
1985.62 -0.372
1985.71 -0.463
1985.79 -0.538
1985.88 -0.378
1985.96 -0.346
1986.04 -0.230
1986.12 -0.457
1986.21 -0.363
1986.29 -0.250
1986.38 -0.251
1986.46 -0.312
1986.54 -0.387
1986.62 -0.361
1986.71 -0.432
1986.79 -0.429
1986.88 -0.195
1986.96 -0.098
1987.04 0.043
1987.12 0.007
1987.21 -0.235
1987.29 0.023
1987.38 -0.132
1987.46 0.130
1987.54 -0.003
1987.62 -0.106
1987.71 -0.167
1987.79 -0.014
1987.88 0.030
1987.96 0.309
1988.04 0.035
1988.12 -0.166
1988.21 0.083
1988.29 -0.032
1988.38 0.023
1988.46 -0.043
1988.54 0.024
1988.62 -0.033
1988.71 0.064
1988.79 -0.107
1988.88 -0.103
1988.96 -0.206
1989.04 -0.426
1989.12 -0.344
1989.21 -0.366
1989.29 -0.262
1989.38 -0.363
1989.46 -0.358
1989.54 -0.299
1989.62 -0.291
1989.71 -0.213
1989.79 -0.276
1989.88 -0.216
1989.96 -0.081
1990.04 -0.155
1990.12 -0.251
1990.21 0.004
1990.29 -0.097
1990.38 0.027
1990.46 0.035
1990.54 -0.101
1990.62 -0.142
1990.71 -0.232
1990.79 -0.146
1990.88 0.100
1990.96 0.047
1991.04 -0.085
1991.12 -0.026
1991.21 0.135
1991.29 -0.108
1991.38 0.027
1991.46 0.184
1991.54 0.057
1991.62 0.150
1991.71 -0.010
1991.79 -0.137
1991.88 -0.155
1991.96 -0.142
1992.04 -0.128
1992.12 -0.175
1992.21 -0.082
1992.29 -0.190
1992.38 -0.178
1992.46 -0.147
1992.54 -0.308
1992.62 -0.380
1992.71 -0.372
1992.79 -0.212
1992.88 -0.211
1992.96 -0.284
1993.04 -0.352
1993.12 -0.351
1993.21 -0.469
1993.29 -0.400
1993.38 -0.288
1993.46 -0.190
1993.54 -0.191
1993.62 -0.299
1993.71 -0.491
1993.79 -0.283
1993.88 -0.248
1993.96 -0.050
1994.04 -0.248
1994.12 -0.335
1994.21 -0.309
1994.29 -0.250
1994.38 -0.186
1994.46 -0.056
1994.54 -0.078
1994.62 -0.166
1994.71 -0.156
1994.79 -0.375
1994.88 -0.068
1994.96 0.021
1995.04 -0.029
1995.12 -0.179
1995.21 -0.216
1995.29 -0.012
1995.38 -0.105
1995.46 -0.041
1995.54 -0.145
1995.62 0.055
1995.71 0.009
1995.79 -0.126
1995.88 -0.103
1995.96 -0.345
1996.04 -0.342
1996.12 -0.220
1996.21 -0.101
1996.29 -0.193
1996.38 -0.244
1996.46 -0.224
1996.54 -0.148
1996.62 -0.087
1996.71 -0.041
1996.79 -0.111
1996.88 -0.086
1996.96 -0.165
1997.04 -0.220
1997.12 -0.197
1997.21 -0.207
1997.29 -0.363
1997.38 -0.220
1997.46 -0.175
1997.54 -0.026
1997.62 -0.008
1997.71 -0.093
1997.79 -0.070
1997.88 -0.048
1997.96 0.103
1998.04 0.345
1998.12 0.485
1998.21 0.364
1998.29 0.592
1998.38 0.490
1998.46 0.426
1998.54 0.341
1998.62 0.331
1998.71 0.262
1998.79 0.209
1998.88 -0.038
1998.96 0.075
1999.04 -0.095
1999.12 -0.051
1999.21 -0.200
1999.29 -0.093
1999.38 -0.166
1999.46 -0.288
1999.54 -0.188
1999.62 -0.220
1999.71 -0.174
1999.79 -0.235
1999.88 -0.264
1999.96 -0.209
2000.04 -0.422
2000.12 -0.290
2000.21 -0.176
2000.29 -0.143
2000.38 -0.093
2000.46 -0.131
2000.54 -0.249
2000.62 -0.319
2000.71 -0.217
2000.79 -0.178
2000.88 -0.137
2000.96 -0.118
2001.04 -0.236
2001.12 -0.058
2001.21 -0.113
2001.29 0.043
2001.38 0.059
2001.46 -0.107
2001.54 -0.069
2001.62 0.099
2001.71 -0.169
2001.79 0.005
2001.88 0.035
2001.96 0.029
2002.04 0.074
2002.12 0.114
2002.21 0.079
2002.29 0.098
2002.38 0.124
2002.46 0.135
2002.54 0.130
2002.62 0.095
2002.71 0.081
2002.79 -0.021
2002.88 0.120
2002.96 0.074
2003.04 0.192
2003.12 0.119
2003.21 0.035
2003.29 0.039
2003.38 0.087
2003.46 -0.112
2003.54 -0.068
2003.62 -0.054
2003.71 -0.053
2003.79 0.103
2003.88 0.046
2003.96 0.217
2004.04 0.076
2004.12 0.047
2004.21 0.216
2004.29 0.065
2004.38 0.032
2004.46 -0.092
2004.54 -0.310
2004.62 -0.187
2004.71 -0.148
2004.79 -0.021
2004.88 -0.085
2004.96 -0.081
2005.04 0.099
2005.12 0.036
2005.21 0.060
2005.29 0.198
2005.38 -0.024
2005.46 0.002
2005.54 0.060
2005.62 -0.039
2005.71 0.077
2005.79 0.082
2005.88 0.066
2005.96 -0.051
2006.04 -0.021
2006.12 -0.022
2006.21 0.018
2006.29 -0.069
2006.38 -0.192
2006.46 -0.068
2006.54 0.042
2006.62 -0.009
2006.71 -0.076
2006.79 0.009
2006.88 -0.141
2006.96 -0.025
2007.04 0.220
2007.12 -0.011
2007.21 0.075
2007.29 -0.029
2007.38 -0.021
2007.46 -0.051
2007.54 0.031
2007.62 0.039
2007.71 -0.056
2007.79 -0.041
2007.88 -0.075
2007.96 -0.168
2008.04 -0.324
2008.12 -0.234
2008.21 -0.302
2008.29 -0.284
2008.38 -0.382
2008.46 -0.297
2008.54 -0.235
2008.62 -0.315
2008.71 -0.203
2008.79 -0.215
2008.88 -0.140
2008.96 -0.151
2009.04 -0.082
2009.12 -0.047
2009.21 -0.100
2009.29 -0.122
2009.38 -0.184
2009.46 -0.286
2009.54 0.067
2009.62 -0.044
2009.71 0.099
2009.79 0.040
2009.88 0.149
2009.96 0.013
2010.04 0.311
2010.12 0.305
2010.21 0.382
2010.29 0.226
2010.38 0.325
2010.46 0.209
2010.54 0.240
2010.62 0.259
2010.71 0.223
2010.79 0.058
2010.88 0.009
2010.96 -0.065
2011.04 -0.205
2011.12 -0.216
2011.21 -0.322
2011.29 -0.192
2011.38 -0.135
2011.46 -0.013
2011.54 0.049
2011.62 0.009
2011.71 -0.039
2011.79 -0.260
2011.88 -0.214
2011.96 -0.173
2012.04 -0.344
2012.12 -0.381
2012.21 -0.161
2012.29 -0.035
2012.38 -0.096
2012.46 0.011
2012.54 -0.105
2012.62 -0.035
2012.71 0.038
2012.79 0.079
2012.88 0.058
2012.96 0.040
2013.04 0.342
2013.12 0.024
2013.21 0.016
2013.29 -0.018
2013.38 -0.057
2013.46 0.125
2013.54 -0.025
2013.62 -0.031
2013.71 0.079
2013.79 0.079
2013.88 -0.034
2013.96 0.028
2014.04 0.063
2014.12 -0.022
2014.21 0.001
2014.29 0.006
2014.38 0.097
2014.46 0.138
2014.54 0.110
2014.62 -0.053
2014.71 -0.019
2014.79 0.100
2014.88 0.110
2014.96 0.095
2015.04 0.133
2015.12 0.005
2015.21 0.063
2015.29 -0.020
2015.38 0.157
2015.46 0.235
2015.54 0.107
2015.62 0.154
2015.71 0.113
2015.79 0.293
2015.88 0.174
2015.96 0.280
2016.04 0.367
2016.12 0.656
2016.21 0.611
2016.29 0.536
2016.38 0.338
2016.46 0.151
2016.54 0.202
2016.62 0.291
2016.71 0.300
2016.79 0.307
2016.88 0.344
2016.96 0.187
2017.04 0.208
2017.12 0.224
2017.21 0.108
2017.29 0.136
2017.38 0.254
2017.46 0.050
2017.54 0.105
2017.62 0.228
2017.71 0.351
2017.79 0.435
2017.88 0.212
2017.96 0.284
2018.04 0.057
2018.12 0.044
2018.21 0.092
2018.29 0.048
2018.38 0.022
2018.46 0.064
2018.54 0.141
2018.62 0.018
2018.71 -0.066
2018.79 0.001
2018.88 0.107
2018.96 0.109
2019.04 0.217
2019.12 0.185
2019.21 0.163
2019.29 0.278
2019.38 0.169
2019.46 0.302
2019.54 0.219
2019.62 0.264
2019.71 0.445
2019.79 0.218
2019.88 0.340
2019.96 0.386
2020.04 0.431
2020.12 0.570
2020.21 0.341
2020.29 0.257
2020.38 0.389
2020.46 0.245
2020.54 0.243
2020.62 0.254
2020.71 0.306
2020.79 0.267
2020.88 0.278
2020.96 0.085
2021.04 0.044
2021.12 0.158
2021.21 -0.065
2021.29 -0.082
2021.38 0.067
2021.46 -0.037
2021.54 0.136
2021.62 0.110
2021.71 0.169
2021.79 0.273
2021.88 -0.022
2021.96 0.126
2022.04 -0.002
2022.12 -0.017
