UAH v6.0 MSU-TLS
Year
Temperature Anomaly (C)
Year UAH_v6.0_MSU-TLS
1978.96 1.141
1979.04 1.141
1979.12 0.922
1979.21 0.986
1979.29 1.092
1979.38 1.124
1979.46 0.984
1979.54 0.810
1979.62 0.737
1979.71 0.749
1979.79 0.810
1979.88 0.910
1979.96 0.968
1980.04 0.960
1980.12 0.892
1980.21 0.599
1980.29 0.534
1980.38 0.664
1980.46 0.806
1980.54 0.904
1980.62 0.817
1980.71 0.883
1980.79 0.969
1980.88 1.012
1980.96 0.959
1981.04 0.870
1981.12 0.782
1981.21 0.622
1981.29 0.738
1981.38 0.682
1981.46 0.691
1981.54 0.635
1981.62 0.605
1981.71 0.683
1981.79 0.821
1981.88 0.906
1981.96 0.783
1982.04 0.780
1982.12 0.889
1982.21 0.926
1982.29 0.918
1982.38 1.071
1982.46 1.253
1982.54 1.316
1982.62 1.350
1982.71 1.523
1982.79 1.586
1982.88 1.707
1982.96 1.649
1983.04 1.658
1983.12 1.546
1983.21 1.355
1983.29 1.190
1983.38 1.073
1983.46 0.995
1983.54 0.918
1983.62 0.934
1983.71 1.024
1983.79 1.144
1983.88 1.105
1983.96 0.972
1984.04 0.830
1984.12 0.616
1984.21 0.279
1984.29 0.327
1984.38 0.447
1984.46 0.409
1984.54 0.398
1984.62 0.345
1984.71 0.352
1984.79 0.368
1984.88 0.516
1984.96 0.509
1985.04 0.229
1985.12 0.116
1985.21 0.068
1985.29 0.080
1985.38 0.213
1985.46 0.338
1985.54 0.375
1985.62 0.375
1985.71 0.470
1985.79 0.461
1985.88 0.372
1985.96 0.335
1986.04 0.353
1986.12 0.441
1986.21 0.340
1986.29 0.278
1986.38 0.288
1986.46 0.315
1986.54 0.334
1986.62 0.205
1986.71 0.226
1986.79 0.379
1986.88 0.368
1986.96 0.490
1987.04 0.381
1987.12 0.164
1987.21 0.114
1987.29 0.291
1987.38 0.376
1987.46 0.346
1987.54 0.397
1987.62 0.335
1987.71 0.342
1987.79 0.309
1987.88 0.328
1987.96 0.095
1988.04 0.221
1988.12 0.313
1988.21 0.169
1988.29 0.146
1988.38 0.193
1988.46 0.368
1988.54 0.371
1988.62 0.332
1988.71 0.364
1988.79 0.474
1988.88 0.503
1988.96 0.499
1989.04 0.630
1989.12 0.565
1989.21 0.327
1989.29 0.377
1989.38 0.444
1989.46 0.446
1989.54 0.371
1989.62 0.336
1989.71 0.378
1989.79 0.467
1989.88 0.374
1989.96 0.415
1990.04 0.427
1990.12 0.357
1990.21 0.414
1990.29 0.481
1990.38 0.427
1990.46 0.446
1990.54 0.407
1990.62 0.363
1990.71 0.327
1990.79 0.370
1990.88 0.466
1990.96 0.472
1991.04 0.291
1991.12 0.126
1991.21 0.310
1991.29 0.315
1991.38 0.319
1991.46 0.408
1991.54 0.832
1991.62 1.423
1991.71 1.779
1991.79 1.830
1991.88 1.573
1991.96 1.485
1992.04 1.349
1992.12 1.274
1992.21 1.355
1992.29 1.255
1992.38 1.147
1992.46 1.106
1992.54 1.215
1992.62 1.213
1992.71 1.279
1992.79 1.217
1992.88 1.226
1992.96 1.122
1993.04 1.035
1993.12 0.898
1993.21 0.596
1993.29 0.417
1993.38 0.280
1993.46 0.201
1993.54 0.171
1993.62 0.125
1993.71 0.151
1993.79 0.146
1993.88 0.040
1993.96 0.025
1994.04 0.030
1994.12 0.122
1994.21 0.186
1994.29 0.189
1994.38 0.152
1994.46 0.135
1994.54 0.104
1994.62 0.164
1994.71 0.114
1994.79 0.047
1994.88 -0.080
1994.96 0.019
1995.04 0.139
1995.12 0.091
1995.21 0.085
1995.29 -0.067
1995.38 -0.120
1995.46 -0.137
1995.54 -0.156
1995.62 -0.118
1995.71 -0.079
1995.79 -0.001
1995.88 -0.014
1995.96 -0.079
1996.04 -0.121
1996.12 -0.049
1996.21 -0.104
1996.29 -0.166
1996.38 -0.139
1996.46 -0.203
1996.54 -0.224
1996.62 -0.221
1996.71 -0.277
1996.79 -0.120
1996.88 -0.041
1996.96 -0.125
1997.04 -0.114
1997.12 -0.003
1997.21 0.154
1997.29 0.109
1997.38 -0.068
1997.46 -0.104
1997.54 -0.012
1997.62 0.058
1997.71 -0.022
1997.79 -0.111
1997.88 -0.123
1997.96 -0.238
1998.04 -0.290
1998.12 -0.081
1998.21 -0.034
1998.29 0.047
1998.38 0.084
1998.46 0.033
1998.54 0.088
1998.62 0.029
1998.71 0.035
1998.79 -0.011
1998.88 0.023
1998.96 -0.105
1999.04 -0.199
1999.12 -0.187
1999.21 -0.408
1999.29 -0.302
1999.38 -0.018
1999.46 0.163
1999.54 0.193
1999.62 0.165
1999.71 0.101
1999.79 0.042
1999.88 0.041
1999.96 -0.002
2000.04 0.089
2000.12 0.141
2000.21 0.062
2000.29 -0.006
2000.38 0.017
2000.46 0.012
2000.54 -0.092
2000.62 -0.179
2000.71 -0.248
2000.79 -0.336
2000.88 -0.445
2000.96 -0.330
2001.04 -0.150
2001.12 -0.236
2001.21 -0.174
2001.29 -0.006
2001.38 0.175
2001.46 0.168
2001.54 0.151
2001.62 0.120
2001.71 0.151
2001.79 0.090
2001.88 0.158
2001.96 0.257
2002.04 0.109
2002.12 0.083
2002.21 0.105
2002.29 0.165
2002.38 0.196
2002.46 0.190
2002.54 0.195
2002.62 0.130
2002.71 0.016
2002.79 -0.001
2002.88 0.027
2002.96 0.168
2003.04 0.182
2003.12 0.159
2003.21 0.118
2003.29 0.130
2003.38 0.131
2003.46 0.151
2003.54 0.048
2003.62 -0.001
2003.71 -0.087
2003.79 -0.142
2003.88 -0.077
2003.96 -0.069
2004.04 -0.241
2004.12 -0.265
2004.21 -0.138
2004.29 0.048
2004.38 0.042
2004.46 0.139
2004.54 0.159
2004.62 0.064
2004.71 0.075
2004.79 -0.026
2004.88 -0.005
2004.96 0.010
2005.04 0.073
2005.12 0.150
2005.21 0.001
2005.29 -0.138
2005.38 -0.136
2005.46 -0.170
2005.54 -0.206
2005.62 -0.223
2005.71 -0.222
2005.79 -0.216
2005.88 -0.264
2005.96 -0.183
2006.04 -0.367
2006.12 -0.404
2006.21 -0.326
2006.29 -0.103
2006.38 -0.023
2006.46 0.022
2006.54 0.120
2006.62 0.013
2006.71 -0.088
2006.79 -0.175
2006.88 -0.115
2006.96 -0.174
2007.04 -0.021
2007.12 -0.035
2007.21 -0.109
2007.29 -0.078
2007.38 -0.094
2007.46 -0.138
2007.54 -0.257
2007.62 -0.293
2007.71 -0.275
2007.79 -0.267
2007.88 -0.121
2007.96 -0.055
2008.04 -0.120
2008.12 -0.176
2008.21 -0.234
2008.29 -0.247
2008.38 -0.215
2008.46 -0.187
2008.54 -0.176
2008.62 -0.189
2008.71 -0.226
2008.79 -0.251
2008.88 -0.259
2008.96 -0.292
2009.04 -0.279
2009.12 -0.404
2009.21 -0.253
2009.29 0.014
2009.38 0.046
2009.46 -0.072
2009.54 -0.136
2009.62 -0.069
2009.71 -0.062
2009.79 -0.061
2009.88 -0.129
2009.96 -0.180
2010.04 -0.200
2010.12 -0.224
2010.21 -0.167
2010.29 -0.013
2010.38 0.123
2010.46 0.103
2010.54 -0.006
2010.62 -0.030
2010.71 -0.008
2010.79 0.045
2010.88 0.163
2010.96 0.144
2011.04 0.051
2011.12 0.091
2011.21 0.027
2011.29 -0.300
2011.38 -0.425
2011.46 -0.343
2011.54 -0.259
2011.62 -0.218
2011.71 -0.182
2011.79 -0.168
2011.88 -0.200
2011.96 -0.121
2012.04 -0.311
2012.12 -0.441
2012.21 -0.407
2012.29 -0.322
2012.38 -0.229
2012.46 -0.098
2012.54 -0.136
2012.62 -0.200
2012.71 -0.143
2012.79 -0.172
2012.88 -0.135
2012.96 -0.239
2013.04 -0.268
2013.12 -0.232
2013.21 -0.103
2013.29 -0.037
2013.38 -0.040
2013.46 0.018
2013.54 0.083
2013.62 0.033
2013.71 -0.048
2013.79 -0.039
2013.88 0.067
2013.96 0.108
2014.04 0.125
2014.12 0.082
2014.21 0.104
2014.29 0.051
2014.38 -0.038
2014.46 -0.003
2014.54 -0.060
2014.62 -0.104
2014.71 -0.206
2014.79 -0.158
2014.88 -0.139
2014.96 -0.116
2015.04 -0.141
2015.12 -0.092
2015.21 -0.030
2015.29 -0.163
2015.38 -0.067
2015.46 0.009
2015.54 0.107
2015.62 0.023
2015.71 -0.003
2015.79 0.101
2015.88 0.018
2015.96 -0.031
2016.04 -0.035
2016.12 0.022
2016.21 -0.193
2016.29 -0.334
2016.38 -0.365
2016.46 -0.447
2016.54 -0.488
2016.62 -0.458
2016.71 -0.352
2016.79 -0.295
2016.88 -0.412
2016.96 -0.320
2017.04 -0.173
2017.12 -0.187
2017.21 -0.189
2017.29 -0.139
2017.38 -0.116
2017.46 -0.136
2017.54 -0.287
2017.62 -0.311
2017.71 -0.279
2017.79 -0.183
2017.88 -0.118
2017.96 -0.162
2018.04 -0.165
2018.12 -0.319
2018.21 -0.466
2018.29 -0.252
2018.38 -0.122
2018.46 -0.130
2018.54 -0.230
2018.62 -0.252
2018.71 -0.225
2018.79 -0.195
2018.88 -0.281
2018.96 -0.331
2019.04 -0.449
2019.12 -0.366
2019.21 -0.278
2019.29 -0.286
2019.38 -0.302
2019.46 -0.280
2019.54 -0.204
2019.62 -0.182
2019.71 -0.178
2019.79 -0.129
2019.88 -0.145
2019.96 -0.064
2020.04 0.172
2020.12 0.463
2020.21 0.510
2020.29 0.220
2020.38 -0.196
2020.46 -0.410
2020.54 -0.536
2020.62 -0.512
2020.71 -0.492
2020.79 -0.464
2020.88 -0.234
2020.96 -0.121
2021.04 -0.365
2021.12 -0.261
2021.21 -0.163
2021.29 -0.077
2021.38 -0.161
2021.46 -0.135
2021.54 -0.220
2021.62 -0.233
2021.71 -0.152
2021.79 -0.115
2021.88 -0.130
2021.96 -0.149
2022.04 -0.130
2022.12 0.040
