Global-Mean Surface Temperature
 
Temperature Anomaly (\So\C)
Year Monthly_Mean_(GHCN4)
1880.04 -0.17
1880.12 -0.23
1880.21 -0.08
1880.29 -0.15
1880.38 -0.09
1880.46 -0.2
1880.54 -0.16
1880.62 -0.08
1880.71 -0.13
1880.79 -0.22
1880.88 -0.19
1880.96 -0.16
1881.04 -0.18
1881.12 -0.13
1881.21 0.04
1881.29 0.06
1881.38 0.07
1881.46 -0.17
1881.54 0.02
1881.62 -0.02
1881.71 -0.14
1881.79 -0.21
1881.88 -0.17
1881.96 -0.06
1882.04 0.17
1882.12 0.15
1882.21 0.05
1882.29 -0.16
1882.38 -0.13
1882.46 -0.22
1882.54 -0.15
1882.62 -0.06
1882.71 -0.13
1882.79 -0.23
1882.88 -0.15
1882.96 -0.36
1883.04 -0.28
1883.12 -0.36
1883.21 -0.12
1883.29 -0.18
1883.38 -0.17
1883.46 -0.06
1883.54 -0.06
1883.62 -0.13
1883.71 -0.21
1883.79 -0.11
1883.88 -0.23
1883.96 -0.11
1884.04 -0.12
1884.12 -0.07
1884.21 -0.36
1884.29 -0.39
1884.38 -0.33
1884.46 -0.34
1884.54 -0.32
1884.62 -0.27
1884.71 -0.26
1884.79 -0.24
1884.88 -0.33
1884.96 -0.3
1885.04 -0.58
1885.12 -0.33
1885.21 -0.26
1885.29 -0.41
1885.38 -0.45
1885.46 -0.43
1885.54 -0.33
1885.62 -0.31
1885.71 -0.28
1885.79 -0.23
1885.88 -0.23
1885.96 -0.1
1886.04 -0.43
1886.12 -0.5
1886.21 -0.43
1886.29 -0.28
1886.38 -0.24
1886.46 -0.34
1886.54 -0.18
1886.62 -0.3
1886.71 -0.23
1886.79 -0.27
1886.88 -0.27
1886.96 -0.25
1887.04 -0.71
1887.12 -0.56
1887.21 -0.35
1887.29 -0.34
1887.38 -0.3
1887.46 -0.24
1887.54 -0.25
1887.62 -0.35
1887.71 -0.25
1887.79 -0.35
1887.88 -0.26
1887.96 -0.32
1888.04 -0.33
1888.12 -0.35
1888.21 -0.41
1888.29 -0.2
1888.38 -0.21
1888.46 -0.17
1888.54 -0.1
1888.62 -0.15
1888.71 -0.11
1888.79 0.02
1888.88 0.03
1888.96 -0.03
1889.04 -0.08
1889.12 0.17
1889.21 0.07
1889.29 0.1
1889.38 0
1889.46 -0.09
1889.54 -0.07
1889.62 -0.2
1889.71 -0.23
1889.79 -0.25
1889.88 -0.33
1889.96 -0.28
1890.04 -0.41
1890.12 -0.44
1890.21 -0.39
1890.29 -0.29
1890.38 -0.38
1890.46 -0.24
1890.54 -0.27
1890.62 -0.38
1890.71 -0.36
1890.79 -0.24
1890.88 -0.43
1890.96 -0.3
1891.04 -0.33
1891.12 -0.46
1891.21 -0.18
1891.29 -0.27
1891.38 -0.16
1891.46 -0.2
1891.54 -0.17
1891.62 -0.17
1891.71 -0.15
1891.79 -0.21
1891.88 -0.31
1891.96 -0.04
1892.04 -0.28
1892.12 -0.1
1892.21 -0.4
1892.29 -0.33
1892.38 -0.23
1892.46 -0.22
1892.54 -0.31
1892.62 -0.27
1892.71 -0.16
1892.79 -0.14
1892.88 -0.41
1892.96 -0.38
1893.04 -0.81
1893.12 -0.56
1893.21 -0.22
1893.29 -0.27
1893.38 -0.33
1893.46 -0.25
1893.54 -0.14
1893.62 -0.24
1893.71 -0.22
1893.79 -0.18
1893.88 -0.18
1893.96 -0.31
1894.04 -0.52
1894.12 -0.28
1894.21 -0.23
1894.29 -0.44
1894.38 -0.3
1894.46 -0.4
1894.54 -0.24
1894.62 -0.23
1894.71 -0.28
1894.79 -0.23
1894.88 -0.25
1894.96 -0.2
1895.04 -0.4
1895.12 -0.42
1895.21 -0.32
1895.29 -0.21
1895.38 -0.27
1895.46 -0.21
1895.54 -0.16
1895.62 -0.16
1895.71 -0.12
1895.79 -0.1
1895.88 -0.16
1895.96 -0.14
1896.04 -0.21
1896.12 -0.12
1896.21 -0.26
1896.29 -0.3
1896.38 -0.15
1896.46 -0.11
1896.54 -0.02
1896.62 -0.05
1896.71 -0.07
1896.79 0.07
1896.88 -0.04
1896.96 -0.04
1897.04 -0.15
1897.12 -0.16
1897.21 -0.13
1897.29 -0.02
1897.38 -0.01
1897.46 -0.11
1897.54 -0.02
1897.62 -0.09
1897.71 -0.08
1897.79 -0.13
1897.88 -0.17
1897.96 -0.2
1898.04 -0.02
1898.12 -0.29
1898.21 -0.51
1898.29 -0.3
1898.38 -0.3
1898.46 -0.19
1898.54 -0.22
1898.62 -0.27
1898.71 -0.21
1898.79 -0.34
1898.88 -0.38
1898.96 -0.23
1899.04 -0.16
1899.12 -0.38
1899.21 -0.36
1899.29 -0.2
1899.38 -0.23
1899.46 -0.31
1899.54 -0.16
1899.62 -0.08
1899.71 -0.04
1899.79 -0.04
1899.88 0.13
1899.96 -0.26
1900.04 -0.35
1900.12 -0.05
1900.21 0
1900.29 -0.09
1900.38 -0.09
1900.46 -0.1
1900.54 -0.13
1900.62 -0.09
1900.71 -0.06
1900.79 0.09
1900.88 -0.07
1900.96 -0.07
1901.04 -0.22
1901.12 -0.11
1901.21 0.06
1901.29 -0.02
1901.38 -0.15
1901.46 -0.12
1901.54 -0.14
1901.62 -0.2
1901.71 -0.22
1901.79 -0.29
1901.88 -0.18
1901.96 -0.27
1902.04 -0.17
1902.12 -0.07
1902.21 -0.28
1902.29 -0.28
1902.38 -0.32
1902.46 -0.3
1902.54 -0.28
1902.62 -0.3
1902.71 -0.29
1902.79 -0.28
1902.88 -0.35
1902.96 -0.41
1903.04 -0.23
1903.12 -0.05
1903.21 -0.22
1903.29 -0.41
1903.38 -0.39
1903.46 -0.42
1903.54 -0.35
1903.62 -0.45
1903.71 -0.5
1903.79 -0.48
1903.88 -0.42
1903.96 -0.51
1904.04 -0.63
1904.12 -0.57
1904.21 -0.48
1904.29 -0.5
1904.38 -0.51
1904.46 -0.48
1904.54 -0.5
1904.62 -0.48
1904.71 -0.55
1904.79 -0.38
1904.88 -0.17
1904.96 -0.33
1905.04 -0.34
1905.12 -0.58
1905.21 -0.21
1905.29 -0.33
1905.38 -0.29
1905.46 -0.28
1905.54 -0.26
1905.62 -0.2
1905.71 -0.19
1905.79 -0.25
1905.88 -0.06
1905.96 -0.13
1906.04 -0.27
1906.12 -0.29
1906.21 -0.18
1906.29 -0.04
1906.38 -0.25
1906.46 -0.19
1906.54 -0.23
1906.62 -0.2
1906.71 -0.28
1906.79 -0.2
1906.88 -0.37
1906.96 -0.14
1907.04 -0.43
1907.12 -0.51
1907.21 -0.27
1907.29 -0.36
1907.38 -0.46
1907.46 -0.42
1907.54 -0.35
1907.62 -0.34
1907.71 -0.34
1907.79 -0.22
1907.88 -0.46
1907.96 -0.46
1908.04 -0.44
1908.12 -0.32
1908.21 -0.55
1908.29 -0.44
1908.38 -0.37
1908.46 -0.38
1908.54 -0.35
1908.62 -0.46
1908.71 -0.36
1908.79 -0.44
1908.88 -0.51
1908.96 -0.48
1909.04 -0.72
1909.12 -0.45
1909.21 -0.54
1909.29 -0.58
1909.38 -0.54
1909.46 -0.51
1909.54 -0.45
1909.62 -0.33
1909.71 -0.38
1909.79 -0.4
1909.88 -0.31
1909.96 -0.56
1910.04 -0.42
1910.12 -0.41
1910.21 -0.5
1910.29 -0.42
1910.38 -0.33
1910.46 -0.38
1910.54 -0.34
1910.62 -0.36
1910.71 -0.38
1910.79 -0.4
1910.88 -0.55
1910.96 -0.66
1911.04 -0.62
1911.12 -0.57
1911.21 -0.61
1911.29 -0.53
1911.38 -0.51
1911.46 -0.5
1911.54 -0.41
1911.62 -0.43
1911.71 -0.4
1911.79 -0.26
1911.88 -0.2
1911.96 -0.21
1912.04 -0.24
1912.12 -0.13
1912.21 -0.37
1912.29 -0.17
1912.38 -0.2
1912.46 -0.23
1912.54 -0.42
1912.62 -0.54
1912.71 -0.58
1912.79 -0.57
1912.88 -0.38
1912.96 -0.42
1913.04 -0.4
1913.12 -0.44
1913.21 -0.42
1913.29 -0.39
1913.38 -0.43
1913.46 -0.45
1913.54 -0.36
1913.62 -0.34
1913.71 -0.34
1913.79 -0.32
1913.88 -0.19
1913.96 -0.02
1914.04 0.05
1914.12 -0.09
1914.21 -0.24
1914.29 -0.29
1914.38 -0.21
1914.46 -0.25
1914.54 -0.23
1914.62 -0.16
1914.71 -0.16
1914.79 -0.03
1914.88 -0.15
1914.96 -0.03
1915.04 -0.2
1915.12 -0.03
1915.21 -0.09
1915.29 0.07
1915.38 -0.06
1915.46 -0.22
1915.54 -0.12
1915.62 -0.22
1915.71 -0.2
1915.79 -0.24
1915.88 -0.13
1915.96 -0.22
1916.04 -0.12
1916.12 -0.14
1916.21 -0.28
1916.29 -0.3
1916.38 -0.34
1916.46 -0.49
1916.54 -0.37
1916.62 -0.28
1916.71 -0.36
1916.79 -0.33
1916.88 -0.46
1916.96 -0.81
1917.04 -0.57
1917.12 -0.63
1917.21 -0.63
1917.29 -0.54
1917.38 -0.55
1917.46 -0.43
1917.54 -0.25
1917.62 -0.22
1917.71 -0.23
1917.79 -0.44
1917.88 -0.33
1917.96 -0.67
1918.04 -0.47
1918.12 -0.33
1918.21 -0.24
1918.29 -0.44
1918.38 -0.42
1918.46 -0.36
1918.54 -0.32
1918.62 -0.32
1918.71 -0.17
1918.79 -0.06
1918.88 -0.11
1918.96 -0.29
1919.04 -0.2
1919.12 -0.24
1919.21 -0.21
1919.29 -0.12
1919.38 -0.28
1919.46 -0.36
1919.54 -0.29
1919.62 -0.33
1919.71 -0.25
1919.79 -0.2
1919.88 -0.41
1919.96 -0.42
1920.04 -0.24
1920.12 -0.26
1920.21 -0.12
1920.29 -0.24
1920.38 -0.27
1920.46 -0.36
1920.54 -0.3
1920.62 -0.26
1920.71 -0.22
1920.79 -0.26
1920.88 -0.27
1920.96 -0.46
1921.04 -0.04
1921.12 -0.17
1921.21 -0.23
1921.29 -0.3
1921.38 -0.3
1921.46 -0.27
1921.54 -0.15
1921.62 -0.26
1921.71 -0.19
1921.79 -0.03
1921.88 -0.13
1921.96 -0.18
1922.04 -0.33
1922.12 -0.44
1922.21 -0.15
1922.29 -0.23
1922.38 -0.34
1922.46 -0.31
1922.54 -0.28
1922.62 -0.33
1922.71 -0.36
1922.79 -0.33
1922.88 -0.15
1922.96 -0.19
1923.04 -0.28
1923.12 -0.39
1923.21 -0.34
1923.29 -0.41
1923.38 -0.34
1923.46 -0.3
1923.54 -0.31
1923.62 -0.33
1923.71 -0.31
1923.79 -0.14
1923.88 -0.02
1923.96 -0.05
1924.04 -0.23
1924.12 -0.24
1924.21 -0.08
1924.29 -0.31
1924.38 -0.18
1924.46 -0.26
1924.54 -0.29
1924.62 -0.36
1924.71 -0.32
1924.79 -0.35
1924.88 -0.21
1924.96 -0.43
1925.04 -0.38
1925.12 -0.4
1925.21 -0.28
1925.29 -0.25
1925.38 -0.29
1925.46 -0.32
1925.54 -0.26
1925.62 -0.2
1925.71 -0.2
1925.79 -0.17
1925.88 0.05
1925.96 0.06
1926.04 0.2
1926.12 0.03
1926.21 0.11
1926.29 -0.12
1926.38 -0.23
1926.46 -0.26
1926.54 -0.28
1926.62 -0.13
1926.71 -0.14
1926.79 -0.11
1926.88 -0.06
1926.96 -0.29
1927.04 -0.27
1927.12 -0.18
1927.21 -0.38
1927.29 -0.3
1927.38 -0.25
1927.46 -0.27
1927.54 -0.18
1927.62 -0.24
1927.71 -0.13
1927.79 -0.01
1927.88 -0.05
1927.96 -0.33
1928.04 -0.02
1928.12 -0.09
1928.21 -0.25
1928.29 -0.28
1928.38 -0.3
1928.46 -0.39
1928.54 -0.19
1928.62 -0.23
1928.71 -0.22
1928.79 -0.19
1928.88 -0.09
1928.96 -0.17
1929.04 -0.45
1929.12 -0.59
1929.21 -0.32
1929.29 -0.42
1929.38 -0.38
1929.46 -0.44
1929.54 -0.37
1929.62 -0.33
1929.71 -0.26
1929.79 -0.14
1929.88 -0.11
1929.96 -0.54
1930.04 -0.3
1930.12 -0.27
1930.21 -0.11
1930.29 -0.25
1930.38 -0.24
1930.46 -0.22
1930.54 -0.21
1930.62 -0.15
1930.71 -0.15
1930.79 -0.12
1930.88 0.18
1930.96 -0.05
1931.04 -0.1
1931.12 -0.21
1931.21 -0.1
1931.29 -0.22
1931.38 -0.19
1931.46 -0.08
1931.54 -0.04
1931.62 -0.04
1931.71 -0.07
1931.79 0.05
1931.88 -0.06
1931.96 -0.05
1932.04 0.15
1932.12 -0.17
1932.21 -0.18
1932.29 -0.06
1932.38 -0.17
1932.46 -0.29
1932.54 -0.24
1932.62 -0.22
1932.71 -0.1
1932.79 -0.09
1932.88 -0.27
1932.96 -0.26
1933.04 -0.23
1933.12 -0.29
1933.21 -0.29
1933.29 -0.24
1933.38 -0.29
1933.46 -0.34
1933.54 -0.21
1933.62 -0.24
1933.71 -0.29
1933.79 -0.25
1933.88 -0.3
1933.96 -0.44
1934.04 -0.21
1934.12 -0.02
1934.21 -0.29
1934.29 -0.3
1934.38 -0.09
1934.46 -0.15
1934.54 -0.1
1934.62 -0.12
1934.71 -0.15
1934.79 -0.06
1934.88 0.03
1934.96 -0.02
1935.04 -0.33
1935.12 0.15
1935.21 -0.14
1935.29 -0.36
1935.38 -0.29
1935.46 -0.27
1935.54 -0.21
1935.62 -0.22
1935.71 -0.21
1935.79 -0.06
1935.88 -0.26
1935.96 -0.17
1936.04 -0.27
1936.12 -0.38
1936.21 -0.21
1936.29 -0.2
1936.38 -0.16
1936.46 -0.22
1936.54 -0.1
1936.62 -0.13
1936.71 -0.09
1936.79 -0.03
1936.88 0.02
1936.96 -0.01
1937.04 -0.07
1937.12 0.03
1937.21 -0.2
1937.29 -0.16
1937.38 -0.05
1937.46 -0.05
1937.54 -0.03
1937.62 0.01
1937.71 0.09
1937.79 0.09
1937.88 0.08
1937.96 -0.07
1938.04 0.08
1938.12 0.03
1938.21 0.09
1938.29 0.06
1938.38 -0.09
1938.46 -0.17
1938.54 -0.09
1938.62 -0.05
1938.71 0.01
1938.79 0.15
1938.88 0.08
1938.96 -0.13
1939.04 -0.05
1939.12 -0.06
1939.21 -0.17
1939.29 -0.09
1939.38 -0.04
1939.46 -0.07
1939.54 -0.05
1939.62 -0.06
1939.71 -0.07
1939.79 -0.03
1939.88 0.07
1939.96 0.44
1940.04 0
1940.12 0.08
1940.21 0.1
1940.29 0.18
1940.38 0.11
1940.46 0.11
1940.54 0.13
1940.62 0.07
1940.71 0.15
1940.79 0.11
1940.88 0.17
1940.96 0.32
1941.04 0.18
1941.12 0.31
1941.21 0.1
1941.29 0.16
1941.38 0.17
1941.46 0.13
1941.54 0.22
1941.62 0.15
1941.71 0.02
1941.79 0.35
1941.88 0.23
1941.96 0.22
1942.04 0.3
1942.12 0.03
1942.21 0.05
1942.29 0.1
1942.38 0.11
1942.46 0.05
1942.54 0.01
1942.62 -0.04
1942.71 -0.03
1942.79 0.02
1942.88 0.1
1942.96 0.13
1943.04 -0.01
1943.12 0.18
1943.21 -0.03
1943.29 0.11
1943.38 0.07
1943.46 -0.05
1943.54 0.09
1943.62 0.01
1943.71 0.05
1943.79 0.23
1943.88 0.2
1943.96 0.24
1944.04 0.36
1944.12 0.25
1944.21 0.26
1944.29 0.19
1944.38 0.19
1944.46 0.15
1944.54 0.18
1944.62 0.18
1944.71 0.28
1944.79 0.26
1944.88 0.11
1944.96 0.04
1945.04 0.1
1945.12 0
1945.21 0.06
1945.29 0.19
1945.38 0.06
1945.46 0
1945.54 0.04
1945.62 0.26
1945.71 0.2
1945.79 0.18
1945.88 0.07
1945.96 -0.07
1946.04 0.15
1946.12 0.02
1946.21 0.01
1946.29 0.05
1946.38 -0.07
1946.46 -0.21
1946.54 -0.12
1946.62 -0.2
1946.71 -0.08
1946.79 -0.08
1946.88 -0.05
1946.96 -0.31
1947.04 -0.06
1947.12 -0.08
1947.21 0.06
1947.29 0.06
1947.38 -0.02
1947.46 -0.02
1947.54 -0.04
1947.62 -0.07
1947.71 -0.13
1947.79 0.07
1947.88 0.03
1947.96 -0.14
1948.04 0.06
1948.12 -0.15
1948.21 -0.24
1948.29 -0.12
1948.38 -0.01
1948.46 -0.05
1948.54 -0.11
1948.62 -0.12
1948.71 -0.15
1948.79 -0.05
1948.88 -0.13
1948.96 -0.24
1949.04 0.06
1949.12 -0.14
1949.21 -0.02
1949.29 -0.11
1949.38 -0.1
1949.46 -0.27
1949.54 -0.13
1949.62 -0.13
1949.71 -0.15
1949.79 -0.07
1949.88 -0.1
1949.96 -0.18
1950.04 -0.26
1950.12 -0.27
1950.21 -0.08
1950.29 -0.21
1950.38 -0.11
1950.46 -0.05
1950.54 -0.09
1950.62 -0.16
1950.71 -0.12
1950.79 -0.2
1950.88 -0.34
1950.96 -0.22
1951.04 -0.34
1951.12 -0.42
1951.21 -0.2
1951.29 -0.14
1951.38 0
1951.46 -0.07
1951.54 -0.01
1951.62 0.06
1951.71 0.05
1951.79 0.08
1951.88 -0.01
1951.96 0.16
1952.04 0.11
1952.12 0.11
1952.21 -0.08
1952.29 0.03
1952.38 -0.03
1952.46 -0.03
1952.54 0.04
1952.62 0.05
1952.71 0.07
1952.79 0
1952.88 -0.13
1952.96 -0.02
1953.04 0.07
1953.12 0.15
1953.21 0.11
1953.29 0.19
1953.38 0.11
1953.46 0.11
1953.54 0.01
1953.62 0.05
1953.71 0.04
1953.79 0.08
1953.88 -0.03
1953.96 0.05
1954.04 -0.24
1954.12 -0.1
1954.21 -0.15
1954.29 -0.14
1954.38 -0.2
1954.46 -0.19
1954.54 -0.19
1954.62 -0.18
1954.71 -0.1
1954.79 -0.02
1954.88 0.08
1954.96 -0.18
1955.04 0.13
1955.12 -0.16
1955.21 -0.32
1955.29 -0.22
1955.38 -0.2
1955.46 -0.14
1955.54 -0.11
1955.62 0.02
1955.71 -0.11
1955.79 -0.05
1955.88 -0.25
1955.96 -0.28
1956.04 -0.13
1956.12 -0.24
1956.21 -0.21
1956.29 -0.28
1956.38 -0.29
1956.46 -0.16
1956.54 -0.09
1956.62 -0.26
1956.71 -0.19
1956.79 -0.23
1956.88 -0.15
1956.96 -0.06
1957.04 -0.09
1957.12 -0.03
1957.21 -0.05
1957.29 0
1957.38 0.09
1957.46 0.16
1957.54 0.02
1957.62 0.15
1957.71 0.09
1957.79 0.01
1957.88 0.08
1957.96 0.15
1958.04 0.39
1958.12 0.22
1958.21 0.08
1958.29 0.01
1958.38 0.06
1958.46 -0.09
1958.54 0.05
1958.62 -0.05
1958.71 -0.02
1958.79 0.04
1958.88 0.02
1958.96 0.01
1959.04 0.08
1959.12 0.07
1959.21 0.18
1959.29 0.15
1959.38 0.04
1959.46 0.03
1959.54 0.03
1959.62 -0.01
1959.71 -0.06
1959.79 -0.07
1959.88 -0.08
1959.96 -0.01
1960.04 0
1960.12 0.13
1960.21 -0.35
1960.29 -0.15
1960.38 -0.08
1960.46 -0.04
1960.54 -0.04
1960.62 0.02
1960.71 0.07
1960.79 0.05
1960.88 -0.12
1960.96 0.18
1961.04 0.07
1961.12 0.19
1961.21 0.09
1961.29 0.13
1961.38 0.12
1961.46 0.11
1961.54 0.01
1961.62 0.01
1961.71 0.09
1961.79 0
1961.88 0.03
1961.96 -0.16
1962.04 0.05
1962.12 0.15
1962.21 0.1
1962.29 0.05
1962.38 -0.06
1962.46 0.03
1962.54 0.02
1962.62 -0.01
1962.71 0
1962.79 0.01
1962.88 0.06
1962.96 -0.03
1963.04 -0.03
1963.12 0.18
1963.21 -0.14
1963.29 -0.07
1963.38 -0.06
1963.46 0.05
1963.54 0.06
1963.62 0.22
1963.71 0.18
1963.79 0.14
1963.88 0.15
1963.96 -0.03
1964.04 -0.09
1964.12 -0.1
1964.21 -0.22
1964.29 -0.32
1964.38 -0.25
1964.46 -0.04
1964.54 -0.04
1964.62 -0.22
1964.71 -0.29
1964.79 -0.32
1964.88 -0.21
1964.96 -0.3
1965.04 -0.08
1965.12 -0.17
1965.21 -0.13
1965.29 -0.19
1965.38 -0.12
1965.46 -0.08
1965.54 -0.13
1965.62 -0.04
1965.71 -0.15
1965.79 -0.05
1965.88 -0.06
1965.96 -0.08
1966.04 -0.19
1966.12 -0.05
1966.21 0.03
1966.29 -0.13
1966.38 -0.12
1966.46 0.01
1966.54 0.08
1966.62 -0.09
1966.71 -0.03
1966.79 -0.17
1966.88 -0.01
1966.96 -0.03
1967.04 -0.07
1967.12 -0.21
1967.21 0.05
1967.29 -0.05
1967.38 0.12
1967.46 -0.08
1967.54 0.02
1967.62 0.01
1967.71 -0.06
1967.79 0.09
1967.88 -0.05
1967.96 -0.05
1968.04 -0.25
1968.12 -0.14
1968.21 0.2
1968.29 -0.06
1968.38 -0.14
1968.46 -0.09
1968.54 -0.13
1968.62 -0.09
1968.71 -0.19
1968.79 0.09
1968.88 -0.05
1968.96 -0.15
1969.04 -0.11
1969.12 -0.18
1969.21 0.01
1969.29 0.17
1969.38 0.18
1969.46 0.03
1969.54 -0.04
1969.62 0.03
1969.71 0.08
1969.79 0.09
1969.88 0.12
1969.96 0.24
1970.04 0.08
1970.12 0.22
1970.21 0.06
1970.29 0.05
1970.38 -0.04
1970.46 -0.03
1970.54 0.01
1970.62 -0.1
1970.71 0.12
1970.79 0.03
1970.88 0.02
1970.96 -0.12
1971.04 -0.02
1971.12 -0.16
1971.21 -0.18
1971.29 -0.07
1971.38 -0.05
1971.46 -0.17
1971.54 -0.08
1971.62 -0.01
1971.71 -0.06
1971.79 -0.04
1971.88 -0.07
1971.96 -0.08
1972.04 -0.22
1972.12 -0.18
1972.21 0.02
1972.29 0
1972.38 -0.03
1972.46 0.04
1972.54 0.01
1972.62 0.16
1972.71 0.02
1972.79 0.08
1972.88 0.02
1972.96 0.18
1973.04 0.29
1973.12 0.32
1973.21 0.29
1973.29 0.27
1973.38 0.23
1973.46 0.19
1973.54 0.13
1973.62 0.05
1973.71 0.09
1973.79 0.1
1973.88 0.05
1973.96 -0.07
1974.04 -0.1
1974.12 -0.27
1974.21 -0.05
1974.29 -0.11
1974.38 -0.04
1974.46 -0.05
1974.54 -0.03
1974.62 0.11
1974.71 -0.07
1974.79 -0.05
1974.88 -0.07
1974.96 -0.08
1975.04 0.1
1975.12 0.08
1975.21 0.13
1975.29 0.04
1975.38 0.16
1975.46 -0.01
1975.54 0
1975.62 -0.17
1975.71 -0.02
1975.79 -0.11
1975.88 -0.17
1975.96 -0.17
1976.04 -0.03
1976.12 -0.06
1976.21 -0.21
1976.29 -0.07
1976.38 -0.2
1976.46 -0.12
1976.54 -0.1
1976.62 -0.12
1976.71 -0.06
1976.79 -0.24
1976.88 -0.06
1976.96 0.11
1977.04 0.18
1977.12 0.23
1977.21 0.25
1977.29 0.27
1977.38 0.33
1977.46 0.27
1977.54 0.2
1977.62 0.18
1977.71 0.02
1977.79 0.04
1977.88 0.16
1977.96 0.03
1978.04 0.07
1978.12 0.1
1978.21 0.19
1978.29 0.17
1978.38 0.09
1978.46 -0.01
1978.54 0.04
1978.62 -0.13
1978.71 0.06
1978.79 0.03
1978.88 0.14
1978.96 0.08
1979.04 0.08
1979.12 -0.1
1979.21 0.19
1979.29 0.15
1979.38 0.04
1979.46 0.14
1979.54 0.04
1979.62 0.17
1979.71 0.25
1979.79 0.26
1979.88 0.29
1979.96 0.48
1980.04 0.3
1980.12 0.4
1980.21 0.3
1980.29 0.3
1980.38 0.35
1980.46 0.21
1980.54 0.22
1980.62 0.19
1980.71 0.2
1980.79 0.13
1980.88 0.3
1980.96 0.22
1981.04 0.53
1981.12 0.43
1981.21 0.48
1981.29 0.33
1981.38 0.25
1981.46 0.29
1981.54 0.33
1981.62 0.35
1981.71 0.15
1981.79 0.12
1981.88 0.23
1981.96 0.41
1982.04 0.05
1982.12 0.16
1982.21 0.03
1982.29 0.15
1982.38 0.18
1982.46 0.06
1982.54 0.15
1982.62 0.04
1982.71 0.14
1982.79 0.13
1982.88 0.18
1982.96 0.43
1983.04 0.53
1983.12 0.43
1983.21 0.42
1983.29 0.28
1983.38 0.34
1983.46 0.23
1983.54 0.18
1983.62 0.36
1983.71 0.37
1983.79 0.17
1983.88 0.3
1983.96 0.17
1984.04 0.31
1984.12 0.14
1984.21 0.26
1984.29 0.06
1984.38 0.33
1984.46 0.02
1984.54 0.19
1984.62 0.2
1984.71 0.21
1984.79 0.14
1984.88 0.07
1984.96 -0.04
1985.04 0.22
1985.12 -0.03
1985.21 0.18
1985.29 0.12
1985.38 0.15
1985.46 0.15
1985.54 0.04
1985.62 0.17
1985.71 0.13
1985.79 0.12
1985.88 0.05
1985.96 0.14
1986.04 0.26
1986.12 0.37
1986.21 0.3
1986.29 0.22
1986.38 0.21
1986.46 0.12
1986.54 0.11
1986.62 0.16
1986.71 0.03
1986.79 0.16
1986.88 0.1
1986.96 0.13
1987.04 0.32
1987.12 0.43
1987.21 0.19
1987.29 0.25
1987.38 0.26
1987.46 0.35
1987.54 0.41
1987.62 0.25
1987.71 0.36
1987.79 0.33
1987.88 0.29
1987.96 0.46
1988.04 0.57
1988.12 0.44
1988.21 0.52
1988.29 0.43
1988.38 0.44
1988.46 0.4
1988.54 0.33
1988.62 0.39
1988.71 0.37
1988.79 0.38
1988.88 0.12
1988.96 0.29
1989.04 0.13
1989.12 0.3
1989.21 0.36
1989.29 0.29
1989.38 0.18
1989.46 0.15
1989.54 0.34
1989.62 0.33
1989.71 0.34
1989.79 0.29
1989.88 0.2
1989.96 0.37
1990.04 0.41
1990.12 0.44
1990.21 0.8
1990.29 0.57
1990.38 0.46
1990.46 0.38
1990.54 0.46
1990.62 0.34
1990.71 0.23
1990.79 0.45
1990.88 0.46
1990.96 0.41
1991.04 0.43
1991.12 0.5
1991.21 0.36
1991.29 0.51
1991.38 0.34
1991.46 0.53
1991.54 0.47
1991.62 0.39
1991.71 0.44
1991.79 0.29
1991.88 0.3
1991.96 0.32
1992.04 0.48
1992.12 0.4
1992.21 0.48
1992.29 0.27
1992.38 0.31
1992.46 0.26
1992.54 0.09
1992.62 0.08
1992.71 -0.01
1992.79 0.06
1992.88 0.03
1992.96 0.21
1993.04 0.35
1993.12 0.37
1993.21 0.36
1993.29 0.28
1993.38 0.29
1993.46 0.23
1993.54 0.25
1993.62 0.11
1993.71 0.12
1993.79 0.23
1993.88 0.04
1993.96 0.18
1994.04 0.26
1994.12 0.03
1994.21 0.29
1994.29 0.42
1994.38 0.28
1994.46 0.44
1994.54 0.3
1994.62 0.22
1994.71 0.32
1994.79 0.42
1994.88 0.44
1994.96 0.38
1995.04 0.53
1995.12 0.79
1995.21 0.47
1995.29 0.47
1995.38 0.27
1995.46 0.43
1995.54 0.45
1995.62 0.45
1995.71 0.34
1995.79 0.47
1995.88 0.44
1995.96 0.26
1996.04 0.24
1996.12 0.46
1996.21 0.33
1996.29 0.32
1996.38 0.28
1996.46 0.25
1996.54 0.37
1996.62 0.49
1996.71 0.25
1996.79 0.2
1996.88 0.39
1996.96 0.37
1997.04 0.3
1997.12 0.41
1997.21 0.52
1997.29 0.34
1997.38 0.34
1997.46 0.54
1997.54 0.33
1997.62 0.42
1997.71 0.52
1997.79 0.61
1997.88 0.64
1997.96 0.59
1998.04 0.59
1998.12 0.88
1998.21 0.63
1998.29 0.63
1998.38 0.68
1998.46 0.77
1998.54 0.66
1998.62 0.65
1998.71 0.42
1998.79 0.41
1998.88 0.43
1998.96 0.55
1999.04 0.49
1999.12 0.64
1999.21 0.32
1999.29 0.32
1999.38 0.27
1999.46 0.36
1999.54 0.38
1999.62 0.32
1999.71 0.39
1999.79 0.34
1999.88 0.37
1999.96 0.41
2000.04 0.25
2000.12 0.56
2000.21 0.55
2000.29 0.56
2000.38 0.36
2000.46 0.4
2000.54 0.39
2000.62 0.42
2000.71 0.38
2000.79 0.26
2000.88 0.3
2000.96 0.28
2001.04 0.46
2001.12 0.44
2001.21 0.56
2001.29 0.51
2001.38 0.58
2001.46 0.52
2001.54 0.59
2001.62 0.49
2001.71 0.52
2001.79 0.5
2001.88 0.72
2001.96 0.56
2002.04 0.77
2002.12 0.79
2002.21 0.88
2002.29 0.58
2002.38 0.64
2002.46 0.53
2002.54 0.61
2002.62 0.53
2002.71 0.63
2002.79 0.54
2002.88 0.59
2002.96 0.44
2003.04 0.75
2003.12 0.58
2003.21 0.59
2003.29 0.55
2003.38 0.6
2003.46 0.48
2003.54 0.58
2003.62 0.65
2003.71 0.62
2003.79 0.73
2003.88 0.53
2003.96 0.75
2004.04 0.58
2004.12 0.72
2004.21 0.63
2004.29 0.61
2004.38 0.38
2004.46 0.44
2004.54 0.26
2004.62 0.46
2004.71 0.5
2004.79 0.6
2004.88 0.72
2004.96 0.51
2005.04 0.74
2005.12 0.6
2005.21 0.74
2005.29 0.68
2005.38 0.63
2005.46 0.64
2005.54 0.61
2005.62 0.6
2005.71 0.71
2005.79 0.75
2005.88 0.73
2005.96 0.68
2006.04 0.56
2006.12 0.73
2006.21 0.63
2006.29 0.48
2006.38 0.49
2006.46 0.66
2006.54 0.54
2006.62 0.7
2006.71 0.65
2006.79 0.69
2006.88 0.74
2006.96 0.79
2007.04 1.02
2007.12 0.7
2007.21 0.73
2007.29 0.76
2007.38 0.69
2007.46 0.61
2007.54 0.6
2007.62 0.6
2007.71 0.6
2007.79 0.58
2007.88 0.58
2007.96 0.49
2008.04 0.3
2008.12 0.38
2008.21 0.74
2008.29 0.54
2008.38 0.49
2008.46 0.49
2008.54 0.6
2008.62 0.47
2008.71 0.61
2008.79 0.67
2008.88 0.69
2008.96 0.54
2009.04 0.65
2009.12 0.53
2009.21 0.54
2009.29 0.61
2009.38 0.65
2009.46 0.65
2009.54 0.73
2009.62 0.68
2009.71 0.72
2009.79 0.65
2009.88 0.79
2009.96 0.68
2010.04 0.75
2010.12 0.83
2010.21 0.92
2010.29 0.85
2010.38 0.75
2010.46 0.67
2010.54 0.62
2010.62 0.67
2010.71 0.63
2010.79 0.7
2010.88 0.81
2010.96 0.45
2011.04 0.51
2011.12 0.48
2011.21 0.65
2011.29 0.65
2011.38 0.53
2011.46 0.62
2011.54 0.7
2011.62 0.75
2011.71 0.57
2011.79 0.66
2011.88 0.58
2011.96 0.6
2012.04 0.49
2012.12 0.49
2012.21 0.58
2012.29 0.72
2012.38 0.78
2012.46 0.64
2012.54 0.58
2012.62 0.65
2012.71 0.72
2012.79 0.79
2012.88 0.78
2012.96 0.53
2013.04 0.7
2013.12 0.62
2013.21 0.67
2013.29 0.54
2013.38 0.61
2013.46 0.69
2013.54 0.6
2013.62 0.69
2013.71 0.77
2013.79 0.69
2013.88 0.84
2013.96 0.7
2014.04 0.75
2014.12 0.55
2014.21 0.78
2014.29 0.8
2014.38 0.86
2014.46 0.67
2014.54 0.58
2014.62 0.83
2014.71 0.88
2014.79 0.81
2014.88 0.66
2014.96 0.79
2015.04 0.85
2015.12 0.9
2015.21 0.96
2015.29 0.75
2015.38 0.8
2015.46 0.81
2015.54 0.73
2015.62 0.8
2015.71 0.85
2015.79 1.1
2015.88 1.06
2015.96 1.16
2016.04 1.17
2016.12 1.37
2016.21 1.36
2016.29 1.11
2016.38 0.95
2016.46 0.8
2016.54 0.85
2016.62 1.02
2016.71 0.9
2016.79 0.89
2016.88 0.92
2016.96 0.87
2017.04 1.02
2017.12 1.14
2017.21 1.17
2017.29 0.94
2017.38 0.91
2017.46 0.72
2017.54 0.82
2017.62 0.87
2017.71 0.77
2017.79 0.9
2017.88 0.88
2017.96 0.94
2018.04 0.81
2018.12 0.85
2018.21 0.89
2018.29 0.88
2018.38 0.83
2018.46 0.78
2018.54 0.83
2018.62 0.77
2018.71 0.8
2018.79 1.02
2018.88 0.83
2018.96 0.92
2019.04 0.93
2019.12 0.95
2019.21 1.18
2019.29 1.01
2019.38 0.85
2019.46 0.91
2019.54 0.94
2019.62 0.95
2019.71 0.92
2019.79 1.01
2019.88 0.99
2019.96 1.09
2020.04 1.16
2020.12 1.24
2020.21 1.17
2020.29 1.13
2020.38 1.02
2020.46 0.92
2020.54 0.91
2020.62 0.87
2020.71 0.99
2020.79 0.89
2020.88 1.11
2020.96 0.82
2021.04 0.82
2021.12 0.65
2021.21 0.89
2021.29 0.76
2021.38 0.79
2021.46 0.85
2021.54 0.93
2021.62 0.81
2021.71 0.92
2021.79 0.99
2021.88 0.93
2021.96 0.86
2022.04 0.91
2022.12 0.9
 
